-0.511897980071504
1.22793646430703
0.271879415587267
1.98375062890247
0.0917431257009083
0.767337281119458
0.0272963015206499
0.417612953731599
0.686170984042002
-0.0810117511338727
-0.315671062584525
0.333679346443728
0.923069689908568
-0.527705710084367
1.71597898065469
0.228933797267296
-0.0791870174677183
1.0855398553294
-0.681463409530077
0.985745322198445
-0.906877509320997
0.837408941053136
-0.653625578598699
0.253242068711123
0.920225262769767
0.482759558274089
1.42597301630089
-0.706175564068261
0.66377573303239
0.456969569006527
-1.46285990188603
-1.12868987822168
-0.704320115167429
1.61859248339213
-1.02697774232938
-0.208405771853001
-1.49759772278795
0.571907766199654
-1.41370087228015
-0.0266987052713925
1.15925372376372
-1.02583142245006
0.248579673456133
-1.4738331181481
-2.25689804951164
-1.62378886714391
-0.365494057592523
1.18532350502762
-0.847896996854527
-1.17653952580183
-0.180052168992876
-3.05286359370051
1.78333859690699
0.201525906695667
-1.14738760569477
-0.788593874008335
-3.00632789944968
-0.0906938138449455
-0.515491109674632
-0.467243105005748
2.47373096560168
1.39076069138089
0.0881186721727917
0.488139210028767
-0.517503473930864
-1.93739379924595
1.00303735821937
1.86976226764871
0.936345467439759
-0.27902072270521
-0.919524457950893
-0.204409474006584
-1.06774781383746
-0.48373656696184
-0.496032763096893
-0.748693290124271
3.57268720722941
0.289631405402433
0.643830600480167
0.725332441314205
0.455408756725096
0.208037900090991
0.405374111564888
-0.783947344316674
0.113722529314639
0.754862991870135
-0.122278150964523
0.871485626217803
-0.984490629297316
-1.33746361720866
0.0572792378429188
1.44023713678285
0.516069641725436
0.130939038535866
0.335915217427476
0.297646950283561
-0.046448976635196
0.0928763882124506
1.1904353196869
1.46612834262648
0.702642292665161
0.59071146439547
-1.61025383665514
0.875812559517687
-0.432433106300287
-0.225968370207021
1.88245071082432
0.150849667010195
0.371714739004645
0.449518186754885
0.831987984360526
1.17913625576817
-0.43189148934022
0.250724205177022
0.241483515365817
-0.0516973990490385
0.198028391375044
-1.38578347929679
-0.524660175184387
0.393752969685538
0.548662382241538
1.36291249668667
-0.45511220197597
-0.163659108840588
-1.52886925150905
0.602174878939314
0.650451102978715
1.52700916839188
0.70413864632721
-0.381146440327071
0.11873464205543
-0.876862554474123
0.75812791241869
1.82473004889752
-0.593374353947968
0.27623170789424
1.50166674645069
0.492854620114918
0.384379945761025
-0.261544897764837
-0.213010075625745
-0.114885947315431
-0.832754121926405
0.536725618597245
0.795640501249819
-0.13898542890543
-0.459205398981373
-0.378788331693709
-0.18993358036524
-0.19857693104882
0.668622739385221
1.42947094081662
0.251103772943322
0.942073878290856
-0.796560513892131
-0.412839053185858
1.58535489531139
0.374547196439272
-1.87071410189245
-0.642304740833145
0.94979810498199
1.35619781166663
0.445364184531224
-0.684770571322799
-0.256000139810264
-1.06298311261127
-1.17265187403191
0.245439049824758
1.10516320684483
1.90512445740174
-0.556572956198527
-0.431482890769816
-1.26517663247375
0.614441257234099
0.594665847558219
0.678726604443848
-0.0955414085415184
0.103499073766758
0.847832026831775
1.6666400404929
-0.365375304443903
0.65981221326777
0.885813610401411
-0.746645503820583
0.723636722034069
-1.27370589905596
-1.85836688499246
-2.249084356645
1.54219924008441
1.32232022934338
0.752295688101377
0.96341355841084
1.83870958145827
-0.555705004058413
0.494956274116687
-0.464426583755923
-0.573988488991908
1.32664342762696
-0.00757432304848941
1.26450578472726
-1.11312822024653
-0.530827059756216
0.825355838163781
-0.582342352834614
0.0606612090181866
-1.82831637091788
0.246742356659274
-1.52876139171167
0.132848845389374
-0.109392103423254
-1.2746041953223
0.930019313675122
1.22413910221234
1.75908057801154
-1.85987531420552
0.209229414931333
0.231964845371683
1.36536599875332
2.50530312000476
1.40182316224799
0.48238655155081
0.436523064941162
1.40568182298921
-0.459177159204421
0.958999692083906
-0.923050452023156
-0.576744443486269
0.734767748888396
0.60107515494659
0.249385572266009
-2.38372284645425
-0.175067518635403
-0.190002980282886
-0.168381020053205
-1.81144282529637
-2.58478719009754
-0.0995825276671602
-1.71605045920416
-0.704173162464391
1.45760404410271
0.17009436604467
0.884451064478412
1.73825015010857
0.0827409878337563
0.524935588614375
1.54374447656037
-0.354139369675855
0.427760811564069
0.506516039794989
-1.13403277173821
0.221926411546327
0.317238083755655
0.426314500866845
1.18845042853029
0.108660230184939
-2.22556770044245
-1.50670412036256
0.315149956943161
0.0299625470406495
-0.172407373765299
0.13495278701334
0.560351124403311
0.408937705097483
-0.297243289374953
-2.0450302945
-0.220524023820028
-0.840919258586282
-0.0230335138643572
-0.299919477327599
0.981001122923852
-0.596651353133999
-0.0767518650004105
-0.531199524611112
-2.05887331860461
1.21393980075734
0.101147645270121
0.805519032960385
0.745497823037912
-1.02359765464742
-0.0232099339558808
-0.7767632655
-0.594401875216189
-0.392989580683185
0.651519240131906
0.522846405482848
-1.46617546662896
-0.023697618500253
0.606468207830658
0.0314045696229513
0.883128712596232
1.22188512708017
0.895288529685661
0.562140647735191
-1.10447860768712
0.229515822579594
-0.713220554694779
-0.0615905785887604
0.973299632681677
-0.504626806762427
-0.391690528045086
2.46269191254401
-0.0600826154011293
1.17257402339459
-0.56589875517087
0.223763798892809
-0.56784372546327
0.463482925831246
1.19362354240885
-0.754553069591115
1.79561819066133
-0.614531160683427
-1.19593925041215
-0.275164714577383
1.27277136242177
0.41824179542811
-0.183224060932754
-0.610722622266569
-1.1580561459309
-0.014934289155601
0.298262841350917
0.267678054096649
-0.118879574146024
-1.01622334605488
-0.353609818108954
1.11674385235285
0.39424308139379
0.555248511478572
-0.904782203155941
-0.0670715827953597
-0.149209218968699
0.891933964212427
0.251274982554246
-0.852456887464899
-0.95744616512237
-0.180546201153888
-0.0677889529970282
-1.55665848811344
-0.268209670726498
0.352355783934032
0.678227023512235
-0.00759503285216349
-1.49216526871488
0.775644175911098
-0.130133596655476
0.557615163669758
0.675652598787978
0.279551389036558
-0.340097822430852
-0.0681585849401284
-0.18957351648992
-0.319294782440304
1.09050683107422
0.750359939968431
-0.239503145696196
-0.646521572390568
-0.135849077496197
-1.36108248771543
0.0688784322949374
0.191080426541914
0.957526884255252
0.0151251607336674
-0.204382948403077
0.264860724664301
1.07491545007348
-0.19458171084749
0.0898539933161679
-1.09874675505045
0.881461238924055
-1.26813293643999
0.477436396281705
-0.242222508862307
1.05541876786902
-0.518778653061333
0.113007131474936
-0.188416229385186
-0.506713128051412
-0.516914872016891
-1.10354403684852
-0.874584731848314
-0.992156882898802
0.680727169962943
0.0623635816906773
0.760814165960752
0.0541230151998707
0.208486234353587
0.00771337113268136
0.44636059949384
0.0844302924622438
0.321716095177554
-1.5724079171882
-0.295651036175847
-0.947280736033821
0.212155817603198
0.828582869158352
1.11473518469073
-0.586783647823302
0.0154858691753522
0.655942468400275
0.697507905890248
-0.336649132022129
0.535046755283117
1.12944160632359
-0.022615054184054
-0.673250396551302
0.597829923860898
0.983528330628083
-0.33676364848381
0.0824247920480124
-0.766921052197163
-0.963186696330043
-0.849505740134683
0.291634895877097
0.15315111347889
-1.12343440718446
-2.92880039652614
-0.29525616948751
-0.135951078558776
-1.16715616414528
0.460439441836026
-1.0450939695862
0.187136460780087
0.381323734950881
-1.83881289401286
-0.969714614697581
-1.75597874676973
0.355360387497621
1.458900697211
1.21614735708927
-0.784252998029255
-0.74034360532003
-0.754277796688235
-1.45752940387284
-0.762610268060016
0.8394053569487
-0.478797084317092
-0.886675632207253
-0.554930757295815
-1.96687348602937
2.4179890250731
0.354257941665967
0.206789665279975
0.771674925929864
1.92866746317657
0.125591342333895
-0.100460452149268
1.59538074255312
0.820955271644374
-0.705615005109024
-0.197807696576094
-0.355386960266551
-1.65293019512106
0.763074433473399
-0.435329276866124
-0.176344673485765
1.08669463605687
-0.149762903439055
-0.383749532419048
-0.873074719812226
-0.37168483405007
0.951786507073019
0.134037047796412
-0.327030604657445
2.34914309425011
1.87741708316333
0.481928643594892
-0.0480884837350733
-0.966658083022338
-0.706716722309244
0.504148083580079
-0.479695216359563
0.179138554541804
0.219414171159887
-1.2415417174525
-1.18227163546387
0.75397018178158
-0.73733816511121
0.37349091016129
0.82501911734298
-0.0904196354398943
1.55851549178565
0.436258568788685
0.83487680888401
1.00223556075533
-0.198059086332935
-1.1244585962379
0.344261978850618
0.906999614247852
-0.851068966790873
-0.295988376567408
0.527368381658045
0.18312836042621
-0.622408648300173
-1.73594444443877
0.170891525496877
-0.464529583139529
0.570173410770001
0.712207607441313
-0.533679604169004
-0.373650016398481
-0.464946390009031
0.187870179823685
-0.220579314140993
-0.491925235674098
0.516458089376904
0.204206728099485
0.154918698682932
-2.21599742936887
-0.727336734842925
-0.209987057967893
0.519960916517959
-2.34428710489422
-0.411876333077282
-1.22849542247047
0.57286850532055
0.681418947555558
0.762153121960812
-1.07209740796712
-0.605433435569073
0.415549035342226
-0.320166413760009
0.0259976603570076
-0.190806649389846
0.476335720727762
2.71047019842044
1.23685347448238
-2.2001055358296
0.195088912123276
-1.30497821892815
-0.051524260478644
0.718934969247965
-2.26841414091508
-0.832206633807292
0.858374369139143
-0.200794515061324
-0.043704384245334
-0.280161275877728
-0.324917958737764
0.114280703396258
-0.528542456646389
-1.4501388410904
-0.0717167220339411
1.74242118256275
-0.229398371288003
-0.0883704546728344
0.176662884918551
-0.557548238430328
-1.57427222605946
-0.942035952050425
-0.492656776021983
-1.84609267181704
1.37856649592875
0.531526178072821
-0.0457101073004359
-0.688170812374942
0.77043396769274
-0.155442814639198
-0.183183784509216
1.1122368282069
0.280657465470607
1.93398453300334
0.689292230737107
-0.512097181273008
0.212220435118058
-1.12814876268045
0.3210848281184
-0.0267177273709365
-0.276501982343534
1.62129797216647
1.1620418210195
-0.339352076806073
0.547613172558723
0.0866476096148628
0.656079701417202
-0.189475554059487
-0.00862106125798833
-0.138038154953017
0.447929080404604
0.394579341930417
-0.0942143875094505
-1.08556248268949
0.242256564231892
1.26230691625765
1.22971485591658
0.52122858652833
-1.06213592292951
-0.629093292959569
-0.959733159216522
0.257975893351867
0.325816973474089
0.546356148221006
0.178624638146429
0.854669894678356
0.663449840651127
-0.916550456655346
0.874690185626745
-0.209564601613154
-0.800374970649144
-0.1777928758566
-1.10771412133952
-0.748229678685602
-0.823477977213278
-0.261460842691659
0.261460842691667
-0.087077678786802
-0.340329313170781
-1.13402824024079
-0.398636307672179
-0.694756513280894
-0.178922931969656
0.321831137784534
-0.16078609984659
-1.59498763111301
0.0272467192094778
-0.445962058795802
-0.585492478522839
0.567247632641189
1.47614181381321
-1.15733660687192
-0.245845787380219
-0.7503695530154
-1.17338621654047
-0.297840875426094
-0.0745990336721445
1.02089053702433
1.68471298273905
-0.281856803408091
-0.63022540421686
1.02097514034517
-0.0453576458087024
-0.545902547581847
-0.824482501172304
-0.97985624055369
-0.334977516171723
-0.0652650249263284
0.288708000304327
1.20171533055354
0.677658270933159
-0.109579044842992
0.900456309308175
0.0271603822230063
0.541664229484476
-0.306582746901163
0.728846525139077
-0.107642636873829
0.0538358021078128
-0.278464136822384
-0.731281189643826
-0.846267391873365
-1.55641581779641
-0.0185649308989478
-0.586566553061448
1.74947767421687
-1.06084662609714
-1.57969354942321
-0.927597753806854
-1.38844572600377
-0.60931568174785
-0.233100338647548
-0.233644966101971
-0.175592670226481
1.38655442877171
0.230835920525584
4.64588778609002
-0.459601875301837
0.569592720487882
3.47500983615596
2.69732234372175
-0.65670330191521
1.91479683543462
0.821585953730561
-1.22211484573686
0.468544538226393
1.56009404424798
-1.05990225067473
1.7104466633939
1.96738452400696
-1.07356081277807
0.68153156192248
-0.188393388234811
-0.823253188338999
1.04437444464534
0.701070777219745
0.962051156701245
-0.419254020548924
-0.990589457780932
-0.0326450668042283
1.91606169010974
-0.715235901542598
-0.145278475915045
-0.396552941465065
0.242974121317785
-0.307867050266016
-1.31500240981221
-0.999801759404321
1.27894808188451
-0.377854893462651
0.386053294778984
3.21866864959013
2.22170303060417
1.73181160991622
2.57621960663631
-0.0223122978873694
1.6743891086996
-1.5777384190451
-0.745882476443609
2.33824933319762
-0.109765478804689
1.92167183882508
-0.122174725032225
-0.165533162416069
-4.04979096071722
0.866323566082112
0.600513351490884
-1.26452146135481
0.0972653550177078
1.30021520407471
1.48009735964975
3.83839386879244
-0.716496462220648
0.218302259153558
-1.21728325461644
1.82041293200186
-1.30904818131807
0.417094380079211
-1.57853107037461
-1.80797519460058
-1.18188199006104
1.83652500299294
0.296811308501015
-0.95875225976856
-2.06466558446598
-0.965757085058541
0.712120246361799
0.74416179104194
-0.505426971596398
3.17556841322063
0.137060436244399
0.0720616879205775
-0.093690324319381
2.19647994612965
0.66786427021591
-0.63260209558487
-1.29162252665463
-0.307615508875141
0.271894844090947
-1.83888361732134
-1.58454019485637
0.0443557337057137
1.60566520124
-0.905975364578899
1.71728006819082
0.158592882144923
0.639025689192019
1.73831047089754
-0.989617180773247
0.333321822031169
-0.646377929714126
0.220664217382232
-1.64890107644281
2.15954048390023
0.423549976685475
2.30487521064964
-0.0619728028097591
1.09605152602221
-0.683623116284981
0.622288054560444
-0.656592195406617
0.629320087785476
0.0477213084694664
-0.218340698094351
-0.774852164241901
0.699687310520239
-1.68198629924377
-2.73429760650024
1.26368286753071
-0.148257996022284
1.91041813100424
0.166216535255794
0.545186126599828
-1.62356997250647
0.188685894060105
0.716549728375273
1.29478392875451
0.539121652478335
-0.840656968669588
-0.48159707805847
1.70944333593
0.101643241005725
0.863178870784465
-0.42391477538898
-0.588376228215809
0.00678264998393141
0.379096040254732
-1.71736536453268
0.896437385035368
1.8962071571235
0.0935391262162323
-1.1282859787587
1.8867221870195
0.936744101596878
0.771800547763544
0.123718068848945
0
-1.58072356393575
1.05876765850594
-0.702402205141314
-0.36958859387975
-0.271460424257115
0.357379599431289
-1.03593462451832
-0.146960614292104
0.207018672218241
0.856891888355779
-0.35116815945612
1.41696772196172
0.365798304552256
-0.457457339383757
-0.538553777709315
-0.171368351983085
1.18041897880904
-0.280724845692631
0.0392182500614758
-0.73462222019787
-0.567770720453668
0.475562322956822
0.715672271008471
1.48708867258819
0.437355983998666
0.607826817772765
0.857447534804513
0.397639934431618
0.621685571644201
-0.646885596977572
1.25228610415115
-0.411523214510654
0.23091095229063
-1.00868568162232
1.87142882891614
-0.228925080641792
0.930984867827162
0.904154244256431
-1.42098305726529
0.141778417954786
0.59573337556223
0.592205399970593
1.10177275308913
-0.174746210596785
0.0843983652702248
-0.598351789733368
-0.431336290392992
0.401021317595867
-0.919868811477613
0.189538744034767
-0.269129772817722
-0.787066720602653
0.092555462751428
0.792460454540566
1.28280933522829
0.40391916257692
-0.44017074898081
-0.618296205046116
-1.26665300657533
0.0984797272918232
0.875882241811715
0.267966055595561
0.249051001927743
-1.25764783398578
-0.870026775745052
0.290850788283764
0.523867951022967
1.31902254315928
0.417714080145759
0.955966997623624
1.20146571057658
-0.00591243681254959
-0.065059886961428
0.889418320848651
0.269384093567879
-0.245930560772009
-0.093847153348022
-1.15089652320836
-1.6640115799889
0.577757986538767
0.598302610415424
0.594744229612682
-1.21705356202552
1.1221318652923
-0.54755523068312
-0.286875644985951
0.614578741599273
-1.54660797728932
-0.0422973510037285
0.331855374394768
-1.04148685877392
-0.207165562758824
0.529246604458034
2.6759251313921
-0.135953914837676
-0.100606607095181
0.378228688003184
0.588133201496134
-1.73907139280408
-1.53326516337857
-1.51407043728792
-0.320394605562731
-0.0185156612162983
0.878788878703993
-1.29939938313139
0.25381509896234
-1.59544702899729
0.595034795668209
0.876680467976484
0
0.383071212959437
0.945198223334459
-0.177310431339637
1.14391268655691
-1.0582752944869
0.262571518363858
0.219298333501031
-0.959929109963488
-0.938220572752508
-0.254587364680853
0.805007753048775
0.0678196024638339
0.203183273422685
1.11322943036532
-0.103459827261007
0.467758955111122
1.73635291477261
0.0416852767685883
-0.113186203368342
-0.507933805895735
-0.866431413014108
-0.411772411783932
0.333182195243042
-0.588361870744788
1.13118588156095
0.82068331347967
0.961831318110665
-0.491634338390385
0.798419239771004
-0.147375273527809
0.329819487392721
-0.968988379402727
-0.255625380703574
-0.45938690102275
-0.696072417436976
-0.156683170538038
0.277041853900682
0.880218850397733
1.50289794036862
0.304914039451802
1.07731424815318
-1.34699841230665
-0.423579877938079
0.147279769766565
-0.0058870279356476
0.335008688528203
-1.54922682240748
-0.645664944070299
0.149830719348684
-0.618750659987077
0.0241007412144579
0.288756742779149
-0.656925671189894
-0.327054982340405
-0.895773943219943
0.110118694597573
0.0672351114842705
0.718420137138088
-0.846817330039706
-0.619843035212255
-0.326807751943593
-0.0926870026499829
1.35697289896158
0.267982376100858
1.13699440770373
0.174242240737158
-0.735075913368156
0.434468460401089
0.0301014420863479
-0.627983465861025
0.579816808297845
0.474632150598885
0.0718993440200743
0.131681350206464
-0.383555546333692
0.819260076370459
-0.903359318426963
0.0540719169652736
-0.632665623669664
0.193236775105386
-0.175104956736533
0.2655563151511
-0.428861156838636
-0.0726656202496453
0.326580272117285
-0.417486614549317
-0.974844739501293
-1.02773297593497
0.450548517129783
-0.0431153959436833
-0.197336028517519
0.958356026405751
-0.0183435752142346
-0.189747570320239
0.939088552678307
0.351409025664959
-0.290733093944805
0.0424512574979409
-0.541084093620242
1.65652781349808
1.2098243454458
0.278032655663721
-0.224732485618018
-0.564050775545278
-0.0893522025195768
-0.0298018181314656
-0.436121012670774
0.095751054592675
0.388048604907781
-0.16697481367685
-0.304850948904565
-0.498125561125505
-0.809476450993152
0.646899266305196
-0.665097076552259
-0.36465337599384
-0.18282654857936
-0.654817063941516
0.331004347822328
-0.410854479518155
0.380251914784429
-1.51111519452968
-1.77439684715011
0.416640966317189
-1.83736374493835
-0.276287643224999
0.564610764633497
-0.867475319367381
1.06561542445855
-0.230134986183168
-0.0768295063081961
-0.250104340458884
-0.708811524876475
-0.213626881696195
-0.0129617628178897
2.06549998587094
1.1300268602359
-1.56905661132271
0.152924714395264
0.716894426375945
0.661565592162843
-0.851391009831935
-1.04412994172863
-1.08102204522838
0.400310451930627
-0.542742173536513
1.28103718440162
0.281042596839165
-0.00637856801363594
0.407410328629029
1.17470088969597
-0.939921759674627
0.682165353804245
-0.125976333112926
-1.24942167575398
0.108435666820355
-0.121200537912483
0.401312765883653
1.62687237788905
-0.225422762959453
-0.213366883582498
-0.756719464143033
-0.202762710451078
-0.0761421356583994
-1.59962461327221
0.28339578415662
-0.0192969479259643
0.269818999619695
-0.559720958171298
1.74595935801359
-0.266632966496919
0.63999204598969
0.409720387847025
-0.675358391118401
0.0759686032990827
-0.775049937827975
0.806686497299661
0.366254513990055
1.03465415863027
-0.256098081817846
0.100018761854324
1.01328066794935
0.135978758822378
-0.433303061106159
-1.30500431527626
0.226002984011557
0.656272863883511
-0.255746638475274
-0.0687263780136373
-0.948231538949275
-0.626604157864641
0.316957476127904
-0.00632931422090849
-0.90285455613262
-0.505843883162901
-0.676309299022127
-0.550858461748684
-0.475524460531008
-1.26159765161352
0.257553386550889
-0.881062968215492
0.039914848853523
0.132934549320484
1.77100649047053
0.715264119700865
-0.448067245296333
0.881234239070916
-0.0580776320651466
0.161243544884116
-1.36912887136175
-0.570026113506672
-0.0394321771670887
-1.15034985315157
-0.908429198282024
1.79549975764482
0.578302196563374
1.45066782066639
-0.213350654712065
-0.0323656021208904
-0.317738489929042
-0.821708027673722
-0.703140731695627
0.788233193056523
0.222207790274836
0.0130556825043448
0.32583932380593
-0.613458818723473
-0.340983936942134
0.732987574949509
-0.306939016486695
-1.53570327354527
-0.35264017381475
0.564954478622537
0.476065432312396
0.513192783659227
-0.645206004151512
-0.682641746911972
-0.546813845827171
-0.402010591666589
-0.761536180255057
0.680939762432656
0.836377027684734
0.736883873419524
-0.663616477462039
0.312448318005917
2.24463056522668
2.50597918349422
2.72227586640972
0.153869856485529
0.0737735186539594
-0.597899891923987
2.31609240762397
-0.0725163193489399
0.00604503551644408
-0.612401489493738
-0.990167615554727
0.594055089333594
0.225671773978955
0.486204920364381
1.73697909148787
-0.459853299232776
0.0359087920550156
0.233093372728489
-0.640816686085465
0.575127394063441
-0.185356864932294
-0.293685967330983
0.0480076821510358
-1.08578699720492
-0.358477766395812
0.82439698276594
-0.775714452747087
-0.0669445906387903
0.115603432301964
0.139762426663816
1.96025758537132
0.498931897440333
0.0533096414224506
-0.725071523180735
-0.424400648964699
0.31697643237962
-1.08063727959408
-0.235685257911753
0.205500223422569
0.397710677888257
0.408114838450877
-0.516424614969624
-0.895022907475125
-0.627648993841807
-0.705459478798289
0.295057996211478
-0.147420174118798
-0.338659847704609
-0.284126194846277
0.271789653996699
0.412447874541359
0.856379102122481
0.963789851665445
-0.599003454933068
-0.389152868587848
2.38393182130045
-0.083318459857727
-0.357867493943443
-0.161459147050609
0.0658111244549102
-0.533718396855268
-0.615200975278663
-0.3090256041818
1.24240184413004
-0.4505459217837
0.839383787947143
-0.0418022758468632
0.690478933742595
1.07968835499651
-0.730317163210098
-0.290069760884119
-0.642324083037655
-0.143300717142444
-0.834013174393076
0.0120496445500707
-0.060262747394452
-1.08489200081384
-0.617380242721874
0.666119125129365
0.200797171120883
1.45432970920229
-0.824139173009642
0.445998810656771
-0.766657342362572
-0.674918197492856
-0.201532939444059
-0.465687116099644
0.343347976789154
-0.786534717209283
0.406329439185884
-0.307673616657026
0.350672480921004
0.147284469705681
-0.270187453282933
-0.50548745286398
0.542374210936236
0.563899747390625
2.71329800499821
-0.566708946525278
-0.467710872397303
-0.524271290329262
0.752403706014697
-0.174054000667657
-0.433448393994762
0.307219903697006
0.587707838542239
-1.12445188262593
-0.484937605481359
-0.542270940397496
0.341547050736178
-0.152332235532386
0.72303380272166
1.87717287555038
-0.237939556669696
1.53658244586824
0.175788161990912
0.222222313671752
-0.269068950354482
0.344979146402806
2.25662439731575
0.142567957768542
1.03181367821491
-0.3333242260198
0.361521039966663
0.028188865584831
0.998381729395318
0.11713195415667
0.133697306974517
-0.558255231995117
0.958277988875486
0.144060308602429
-0.0997119515365164
0.767429577350499
0.203291188388151
-0.926392067722367
0.0276954608910139
1.53337620080547
-0.513999381851178
-0.445043453163031
-0.148789050125855
-0.0827563424792538
-0.547916250241889
-0.4616890414873
-0.072506208034396
1.07659197444136
-0.254228057784678
0.259747583106912
1.12511820509418
-0.640589121494084
0.0933322420820934
-0.870816790431451
-0.633054091067058
-0.228660761631269
-0.173237630293741
0.485424303733194
-0.821577906173718
-0.196612708338218
-0.739343605474953
0.198070294799921
1.49264877793514
-0.25653909557775
0.150657060552673
-0.17299594146765
-0.599424780172083
0.258137068144308
0.620165688520503
0
0.621878739315515
0.337082075313022
-0.4090663526261
-0.789682671139951
-0.0446752673985556
-0.560131414641041
0.10105547682366
0.676679594612941
0.428242360758534
0.194051013128595
0.210258473963349
0.154644899923651
0.264550418842417
-0.463423537089862
0.149191905004025
-0.226638387826179
0.650893135862693
0.208711011117096
0.639888425827868
-0.683791400959561
-0.854446917219768
-0.443877996736058
-0.815191560689351
0.358162563188815
0.595952639637681
-0.0499902807089035
0.426889075169101
-0.077480772042615
0.717165317957302
1.28893100654904
0.178915171476187
-0.401650561672806
0.363725598465972
0.605080182137676
0.943504372389108
1.21972133137034
-0.0421762975463401
-0.571127940604181
-0.510422205575141
0.367129093621282
-0.228632294196764
-0.0958619661204088
0.0372905739078811
0.954155131809981
-0.121413692429667
0.379587128067325
0.063124673321799
0.472169178992396
-0.724907308471228
-0.0896648178431386
-0.248316070006627
-0.759329282313272
-1.22273202463007
0.9505213470825
-0.30511492235727
0.433306372451327
-0.379710058594644
0.0535676035950364
1.53056078151239
-0.24289799670741
0.31143628856925
0.168509781843842
0.613708029171356
0.323692461807848
0.301863453950628
-0.218499722764253
-0.292077608152165
0.557336651160522
-0.306932221712186
-0.459554832487777
0.688542702518111
0.295865882431739
0.181239207625309
-0.295329351204476
1.0324270932601
0.476471941720456
-0.651234258109699
0.385099703158279
-0.400534580867516
-0.930479703731419
-0.505038430617226
0.250234725508094
0.176871502177934
-1.46599484106847
0.173899340322354
0.51989089135509
0.621363250265569
-0.328476011604314
-0.450144701482837
-1.42123644409703
-0.133116816334415
0.674404489033249
-0.333978628353141
-0.367070501268331
-0.176032904924033
0.0587120723545279
-0.0800704662845182
-0.621386186253796
0.150343670930435
0.907980387430484
0.572581354386092
-0.956131792626767
-0.101460505860263
0.0747703516996287
0.420873799918373
0.387340308650191
0.052943669174006
-0.158915172759338
-0.382429955657202
-0.287785319064005
-0.0533845838004076
0.516631864668999
0.00531222608958419
-0.719715221848578
-1.00557403678923
-0.7268419935652
-0.425532557013838
-0.0164028541333911
-0.834619384722686
0.192800346169201
0.920302304777818
-0.733365808730114
1.22834900543351
-0.915737348758358
-1.07906794664966
0.348114731987932
0.434819189638946
1.62879809516908
-0.547234047894607
0.16285764415968
-0.620275126524503
-0.739547044813598
0
0.356760992027525
0.142348778485371
0.817309622366069
1.12776050248575
-0.15572563222194
1.01588854218009
-0.170375933025175
-0.330931713814534
-0.0427807493155698
0.576001592532721
0.556838603719877
-0.3125085305063
-0.52125004994176
0.127904515412016
0.779865487319098
0.442921894678724
-0.131617066040006
0.896819961222375
-0.146298160792459
0.583912821144494
0.202529085404179
-0.0726555639413639
0.569448140231016
1.82102218810058
0.404695008019707
-0.495977533755688
0.989507265924304
-0.478385483168222
0.302404343148966
-0.020131863775291
0.160941542560229
1.20880592792155
0.0546000559564904
-0.582279496220123
0.159593071627271
0.927563010571269
-0.182847027790367
-0.849420202951504
0.199342236847278
1.66386617638736
-0.17152242572255
-0.437486872716446
0.618801699543586
0.0685199713574048
0.934995854616811
0.203370203737171
1.54081815704253
0.985883423730007
-0.648262141992613
-0.399562915641618
0.100040500923786
0.437096857062072
-1.12990165399245
-0.687982314781091
0.245907691602977
0.939469115570653
0.509173338271957
0.284387337368815
-0.80310266038084
0.613600992907398
-0.109126288911686
1.48430101659194
-2.76471600611153
-0.89838316746235
-0.0728031677265454
0.368324541629637
-0.0387071806652092
0.780915031416495
0.436001936407858
-0.354406501224913
-0.432734592001041
-0.841967617911151
-1.12393677283596
0.372787011401439
1.0616638142386
0.463970674278513
1.16012806433261
0.228517119200327
-0.457557635418384
1.16360458958797
1.0241081660741
-0.548331778094439
0.079859076469644
0.239195292620647
0.509311196036027
0.779948243482389
-0.148093325844304
0.0231540439572145
0.659946553778779
1.07970670999092
1.21663154650324
-1.21663154650323
1.11318403688442
1.07422033790274
-0.124732731781264
-0.245464609001398
0.111649521456823
1.21116806305636
0.0661244486171289
-0.663220364443394
-0.46242856971139
-0.0178284899741241
0.351525491580506
0.195251892516265
0.446755138729742
2.23021878039396
0.366198199117985
0.279131866977587
1.43060301669191
-0.797933014265356
0.471889492947773
-0.0763715086549749
0.398187504553927
-1.36207094272599
0.849216702315781
-0.259547002419713
1.09318490470463
0.70128575985678
-0.0292966708521788
-1.58639728921688
0.242115441624493
-1.38410514118715
-1.63938097756764
-0.0262398322156366
2.11627501997236
0.0984441622936918
1.14423077873722
-0.198979765488604
0.553620008833929
0.189469752055921
1.87108281827233
0.333848841760504
-0.267814997016827
0.968968001718076
-0.952466351515619
-0.276762470896218
0.111623303650285
0.111498844943089
0.325525144781715
-1.06289385441846
-2.09658331824584
-0.152970200645725
-0.157463592488807
1.24440783010151
-0.206328893965539
-0.490155633584183
0.443778332333422
0.303170892027217
-0.11358140168968
-0.493682303968719
0.476844452438774
-1.31789944846677
-0.714915607295746
0.188857468786815
1.2401343652535
-0.279922143930874
1.96402216940789
0.510936372285956
1.39891193041179
0.765195642153185
0.545885991954414
-0.254376007797834
-0.938287514919776
0.191621707803737
-0.641538618746483
0.698546519956512
0.00814133355491944
-2.35169291653141
-0.15848524817074
0.644881684042867
0.149185722418951
1.74053078278173
0.162647943797493
-0.725822791743142
0.261576966902373
-0.380329668149402
1.43196653999708
-0.941488976978427
0.7190914408612
0.766194570132446
-0.0763558218221624
0.34514622696775
0.495564917954757
0.477251939903471
0.261520932029381
-0.360760763130266
-3.12222844296893
-1.01310478575933
0.507835364026587
0.0782166641362477
-0.32561906642873
-1.71136523220105
-1.88656844818917
0.576099914128465
0.450030478471468
0.122769526247217
-0.0507829041806605
0.817845290418241
0.205515433560258
-0.302127710833301
0.94946025592249
-1.76809931170834
-0.620539223479369
0.865990044973009
-0.198853485170865
-0.513768830681475
0.458696918082442
0.439728415625323
-0.0801907739176184
0.0844095601734481
-0.0675219471973919
1.59145665588152
1.09913920071519
0.952952959090342
0.235810810199172
0.364815970077011
0.093017619389533
-0.352305533565746
1.31379337912985
-0.0400448507673937
0.208058331365784
-0.955830570259157
2.00945540982011
0.181767940353159
-0.181767940353161
0.0355892998595916
-1.75894454072009
0.625754147767329
1.48838849313527
-1.33255987305004
-0.934604985929336
-0.189588810544494
-0.246599280061279
-4.92800437133979
-1.93630606830707
0.549059981635815
-0.0948971300133801
-0.0172637031071761
0.271557743552178
-0.0430551974273572
1.16454627723563
0.314492396904782
0.258502103903075
-1.90131979922323
0.172391543792949
-1.00403318888867
0.611410529417237
0.980821766405439
0.136892560734174
-0.0898146030479777
0.456787491944229
-0.157718654147977
0.96372988995971
-0.351300807822271
-0.157002557021007
0.182439219868015
-0.229163230487608
1.44676374645825
0.305228844835779
-0.288479828801323
-1.2089193377509
-0.0381477168979287
0.160969238807051
1.27015208013188
-0.42718999504775
0.21382311146527
0.205008125689031
0.699711309594857
1.14310540088484
0.110726087303653
0.743194241134294
0.162601661841853
0.154227069005357
-0.288354347430313
-0.040680173044937
0.146371239794107
0.385231919410311
-0.178238724980356
-1.47860390974291
0.607156443446101
-0.529004124720124
-2.67938276842354
0.370964087839006
1.83032355238232
1.56179518534917
0.644627315869989
0.290545380129789
0.241477961749111
0.180726569803754
-0.0682360995429028
1.96805874992441
-0.059072562513329
-0.319596239600999
-0.741757828688448
-0.00398144646001647
-0.75134235635252
0.671680120003937
-1.11795686832299
-0.330965752547537
0.34708243738036
0.734574301609037
-0.996792819245074
-0.315572540077311
1.18830827716143
-0.393195820329988
-0.973568052536391
0.166298280025279
0.0688719212104089
-0.915403369389314
-0.532744477780185
-0.494296018158983
1.75191742789765
2.30236385227291
0.233677354486446
1.00372809379992
0.760815983362192
0.562006091559894
0.604976509431931
-0.134550717079501
1.02949683636126
1.07929019958931
0.297121154327253
1.1426135289393
-0.111445458988144
-0.447028013090386
2.24097979765241
-1.40073244790645
-0.181579046017816
1.52388107923189
0.600930516384372
-0.422095088513943
-0.0583600833605253
0.860993820813232
-0.166533960724049
1.31384284670829
0.542084066392042
-0.39914521987078
-0.673596240939088
-1.11708769696869
0.893945621294546
-0.694196149586567
1.46944947609153
2.04894020050146
-0.0245222540683344
0.0525403259078368
-0.031520882845689
-1.09182925214877
0.176909786789965
0.395145871192741
-0.366869326398088
0.437267076577515
-0.423131801976259
0.394978648637164
1.57142598783225
0.656147673003569
0.0481778460057149
-0.815259455366791
0.884044710520759
-0.189273418860327
0.312967772179776
-0.457745460343179
-0.574276815244534
1.46033247824086
0.105937643397565
0.443036542405659
1.38119544807017
0.997789133389773
0.159256835252467
-0.418591355701149
0.182933978606889
-1.60791324655972
-2.36800568132967
0.860738658906608
0.232844920979402
0.426614527339916
2.28277369271155
0.511323246992578
-1.75736181033227
0.19193540701613
-1.49124975936377
-0.126420107381213
-2.37682220285119
-2.28771618758361
1.87372408663663
0.864624271486463
-0.286213109868275
2.41050417014617
-2.02674707065893
-0.128917632530532
-1.86513482877366
0.110055926614056
0.240989591061134
0.726532080622672
1.32304305400695
-0.114505815873588
0.460694626620065
2.04556474017852
0.044007380409294
-0.25754868687465
-0.455721098868085
-0.615449680880461
0.591586179991649
0.231576183043638
0.0884023042169299
-2.34164085251193
-0.271739297650003
-2.48304207947131
-0.505531435330699
0.702033758336461
0.707772413806037
2.43329526035092
-0.131524316343292
0.700618924856176
-0.227249348907621
-0.0931146929830557
-0.473811604216379
1.72189912377472
0.550497516358348
-0.557312755235116
1.1081666176992
0.188552244413807
0.0638923939348031
0.422677583324712
0.962779153447007
0.502679807097193
0.532983660129801
0.0164050068448656
0.288288487952539
0.417850638980994
0.869260444147708
-0.394771416133298
-0.51032957056772
0.682020116314457
-0.584303421786135
0.240627046811175
-1.2747353524233
-0.349293530734239
0.884045391463562
-0.232577289344179
0.81003839844223
0.289106732253254
-0.250077264510026
0.276023491101262
-0.240259855834278
0.986568141684909
-0.0837224328408056
0.731804524075709
0.602593925976086
-1.02240578771866
-0.916224107929402
-0.0259310882785875
-0.214188437827541
0.473197227038841
0.445219473329974
0.539344464506849
1.05736836588635
0.757459831117867
0.191610053754953
-0.342643718914859
-0.422846953800671
0.699567988216727
1.13655327789075
0.282131362637446
1.53612851614871
1.61193818798832
-0.282401197113405
0.677623125375813
-0.197415713792554
0.035922766439295
-1.46529394497282
0.176002958585406
1.50754355826112
0.316069082639137
-0.768050635422003
1.02672145026487
-0.65540795282671
-0.958037209725731
-1.31832655658662
0.840392255021359
-1.95964629824922
-0.533268455398785
-0.458023203311632
-1.10220770113082
-0.996422422407268
0.114744705647692
1.01736080716831
1.51776473654669
0.341053875994718
-1.6666532282218
-0.910534270539457
0.0222296321911205
-0.0222296321911243
-1.38153780334592
2.84445562645658
0.527557452005602
-0.458723557982718
0.137525807760491
0.945045581151693
-0.468297774677636
0.0435106918848431
1.69453805161046
0.225816391350956
0.00304808351771192
-2.73769608293914
-0.213246443077726
-1.38456455538809
-0.988444303145783
-0.541535024220923
1.64450501272279
-2.99820763445544
-2.37036839254825
-5.29756421537337
-22.899722656567
5.1953546040768
8.70887853575128
-3.99950666068732
-0.0120853223906805
-8.64182376174441
2.39563598263069
0.0385876910055401
4.80795452885252
2.82764126540273
1.56049980688901
-1.94648544358322
-0.744330940587686
2.19300064508618
-1.61226729101337
-2.93387873107872
-1.72972352884571
1.20608656844708
2.69989075795114
-1.16562757342947
0.454915488023938
-1.51901654939751
1.0274553637791
-2.26533575083043
0.809049117973689
0.408256407371001
1.38953561898143
-0.933766902129619
-1.55233899157606
-4.26717806565142
0.735456483967046
0.623054975063594
-3.59346211639253
-0.574445504582266
2.13845738399175
2.65290430185584
1.68007328717893
-2.25213768880779
0.746447194686994
2.87762520787787
0.255670242363249
2.14720302935273
-2.07721393655975
2.51161249593487
0.152396259693043
0.164167487670406
1.27608020475253
-0.44735718622391
-2.59660890699106
-0.399869963202578
1.3280731293799
-0.315189980902978
