-0.5539
1.186
0.2299
1.942
0.04978
0.7254
-0.01467
0.3756
0.6442
-0.123
-0.3576
0.2917
0.8811
-0.5697
1.674
0.187
-0.1212
1.044
-0.7234
0.9438
-0.9488
0.7954
-0.6956
0.2113
0.8783
0.4408
1.384
-0.7481
0.6218
0.415
-1.505
-1.171
-0.7463
1.577
-1.069
-0.2504
-1.54
0.5299
-1.456
-0.06866
1.117
-1.068
0.2066
-1.516
-2.299
-1.666
-0.4075
1.143
-0.8899
-1.219
-0.222
-3.095
1.741
0.1596
-1.189
-0.8306
-3.048
-0.1327
-0.5575
-0.5092
2.432
1.349
0.04615
0.4462
-0.5595
-1.979
0.9611
1.828
0.8944
-0.321
-0.9615
-0.2464
-1.11
-0.5257
-0.538
-0.7907
3.531
0.2477
0.6019
0.6834
0.4134
0.1661
0.3634
-0.8259
0.07176
0.7129
-0.1642
0.8295
-1.026
-1.379
0.01531
1.398
0.4741
0.08897
0.2939
0.2557
-0.08841
0.05091
1.148
1.424
0.6607
0.5487
-1.652
0.8338
-0.4744
-0.2679
1.84
0.1089
0.3297
0.4076
0.79
1.137
-0.4739
0.2088
0.1995
-0.09366
0.1561
-1.428
-0.5666
0.3518
0.5067
1.321
-0.4971
-0.2056
-1.571
0.5602
0.6085
1.485
0.6622
-0.4231
0.07677
-0.9188
0.7162
1.783
-0.6353
0.2343
1.46
0.4509
0.3424
-0.3035
-0.255
-0.1569
-0.8747
0.4948
0.7537
-0.181
-0.5012
-0.4208
-0.2319
-0.2405
0.6267
1.388
0.2091
0.9001
-0.8385
-0.4548
1.543
0.3326
-1.913
-0.6843
0.9078
1.314
0.4034
-0.7267
-0.298
-1.105
-1.215
0.2035
1.063
1.863
-0.5985
-0.4734
-1.307
0.5725
0.5527
0.6368
-0.1375
0.06153
0.8059
1.625
-0.4073
0.6178
0.8438
-0.7886
0.6817
-1.316
-1.9
-2.291
1.5
1.28
0.7103
0.9214
1.797
-0.5977
0.453
-0.5064
-0.616
1.285
-0.04954
1.223
-1.155
-0.5728
0.7834
-0.6243
0.0187
-1.87
0.2048
-1.571
0.09088
-0.1514
-1.317
0.8881
1.182
1.717
-1.902
0.1673
0.19
1.323
2.463
1.36
0.4404
0.3946
1.364
-0.5011
0.917
-0.965
-0.6187
0.6928
0.5591
0.2074
-2.426
-0.217
-0.232
-0.2103
-1.853
-2.627
-0.1415
-1.758
-0.7461
1.416
0.1281
0.8425
1.696
0.04078
0.483
1.502
-0.3961
0.3858
0.4646
-1.176
0.18
0.2753
0.3843
1.146
0.06669
-2.268
-1.549
0.2732
-0.012
-0.2144
0.09299
0.5184
0.367
-0.3392
-2.087
-0.2625
-0.8829
-0.065
-0.3419
0.939
-0.6386
-0.1187
-0.5732
-2.101
1.172
0.05918
0.7636
0.7035
-1.066
-0.06518
-0.8187
-0.6364
-0.435
0.6096
0.4809
-1.508
-0.06566
0.5645
-0.01056
0.8412
1.18
0.8533
0.5202
-1.146
0.1876
-0.7552
-0.1036
0.9313
-0.5466
-0.4337
2.421
-0.102
1.131
-0.6079
0.1818
-0.6098
0.4215
1.152
-0.7965
1.754
-0.6565
-1.238
-0.3171
1.231
0.3763
-0.2252
-0.6527
-1.2
-0.0569
0.2563
0.2257
-0.1608
-1.058
-0.3956
1.075
0.3523
0.5133
-0.9467
-0.109
-0.1912
0.85
0.2093
-0.8944
-0.9994
-0.2225
-0.1098
-1.599
-0.3102
0.3104
0.6363
-0.04956
-1.534
0.7337
-0.1721
0.5156
0.6337
0.2376
-0.3821
-0.1101
-0.2315
-0.3613
1.049
0.7084
-0.2815
-0.6885
-0.1778
-1.403
0.02691
0.1491
0.9156
-0.02684
-0.2463
0.2229
1.033
-0.2365
0.04789
-1.141
0.8395
-1.31
0.4355
-0.2842
1.013
-0.5607
0.07104
-0.2304
-0.5487
-0.5589
-1.146
-0.9166
-1.034
0.6388
0.0204
0.7188
0.01216
0.1665
-0.03425
0.4044
0.04246
0.2798
-1.614
-0.3376
-0.9892
0.1702
0.7866
1.073
-0.6287
-0.02648
0.614
0.6555
-0.3786
0.4931
1.087
-0.06458
-0.7152
0.5559
0.9416
-0.3787
0.04046
-0.8089
-1.005
-0.8915
0.2497
0.1112
-1.165
-2.971
-0.3372
-0.1779
-1.209
0.4185
-1.087
0.1452
0.3394
-1.881
-1.012
-1.798
0.3134
1.417
1.174
-0.8262
-0.7823
-0.7962
-1.499
-0.8046
0.7974
-0.5208
-0.9286
-0.5969
-2.009
2.376
0.3123
0.1648
0.7297
1.887
0.08363
-0.1424
1.553
0.779
-0.7476
-0.2398
-0.3974
-1.695
0.7211
-0.4773
-0.2183
1.045
-0.1917
-0.4257
-0.915
-0.4137
0.9098
0.09207
-0.369
2.307
1.835
0.44
-0.09005
-1.009
-0.7487
0.4622
-0.5217
0.1372
0.1774
-1.284
-1.224
0.712
-0.7793
0.3315
0.7831
-0.1324
1.517
0.3943
0.7929
0.9603
-0.24
-1.166
0.3023
0.865
-0.893
-0.338
0.4854
0.1412
-0.6644
-1.778
0.1289
-0.5065
0.5282
0.6702
-0.5756
-0.4156
-0.5069
0.1459
-0.2625
-0.5339
0.4745
0.1622
0.113
-2.258
-0.7693
-0.252
0.478
-2.386
-0.4538
-1.27
0.5309
0.6395
0.7202
-1.114
-0.6474
0.3736
-0.3621
-0.01597
-0.2328
0.4344
2.669
1.195
-2.242
0.1531
-1.347
-0.09349
0.677
-2.31
-0.8742
0.8164
-0.2428
-0.08567
-0.3221
-0.3669
0.07232
-0.5705
-1.492
-0.1137
1.7
-0.2714
-0.1303
0.1347
-0.5995
-1.616
-0.984
-0.5346
-1.888
1.337
0.4896
-0.08768
-0.7301
0.7285
-0.1974
-0.2251
1.07
0.2387
1.892
0.6473
-0.5541
0.1703
-1.17
0.2791
-0.06868
-0.3185
1.579
1.12
-0.3813
0.5056
0.04468
0.6141
-0.2314
-0.05059
-0.18
0.406
0.3526
-0.1362
-1.128
0.2003
1.22
1.188
0.4793
-1.104
-0.6711
-1.002
0.216
0.2839
0.5044
0.1367
0.8127
0.6215
-0.9585
0.8327
-0.2515
-0.8423
-0.2198
-1.15
-0.7902
-0.8654
-0.3034
0.2195
-0.129
-0.3823
-1.176
-0.4406
-0.7367
-0.2209
0.2799
-0.2028
-1.637
-0.01472
-0.4879
-0.6275
0.5253
1.434
-1.199
-0.2878
-0.7923
-1.215
-0.3398
-0.1166
0.9789
1.643
-0.3238
-0.6722
0.979
-0.08732
-0.5879
-0.8664
-1.022
-0.3769
-0.1072
0.2467
1.16
0.6357
-0.1515
0.8585
-0.0148
0.4997
-0.3485
0.6869
-0.1496
0.01187
-0.3204
-0.7732
-0.8882
-1.598
-0.06053
-0.6285
1.708
-1.103
-1.622
-0.9696
-1.43
-0.6513
-0.2751
-0.2756
-0.2176
1.345
0.1889
4.604
-0.5016
0.5276
3.433
2.655
-0.6987
1.873
0.7796
-1.264
0.4266
1.518
-1.102
1.668
1.925
-1.116
0.6396
-0.2304
-0.8652
1.002
0.6591
0.9201
-0.4612
-1.033
-0.07461
1.874
-0.7572
-0.1872
-0.4385
0.201
-0.3498
-1.357
-1.042
1.237
-0.4198
0.3441
3.177
2.18
1.69
2.534
-0.06428
1.632
-1.62
-0.7878
2.296
-0.1517
1.88
-0.1641
-0.2075
-4.092
0.8244
0.5585
-1.306
0.0553
1.258
1.438
3.796
-0.7585
0.1763
-1.259
1.778
-1.351
0.3751
-1.62
-1.85
-1.224
1.795
0.2548
-1.001
-2.107
-1.008
0.6702
0.7022
-0.5474
3.134
0.0951
0.0301
-0.1357
2.155
0.6259
-0.6746
-1.334
-0.3496
0.2299
-1.881
-1.627
0.00239
1.564
-0.9479
1.675
0.1166
0.5971
1.696
-1.032
0.2914
-0.6883
0.1787
-1.691
2.118
0.3816
2.263
-0.1039
1.054
-0.7256
0.5803
-0.6986
0.5874
0.005756
-0.2603
-0.8168
0.6577
-1.724
-2.776
1.222
-0.1902
1.868
0.1243
0.5032
-1.666
0.1467
0.6746
1.253
0.4972
-0.8826
-0.5236
1.667
0.05968
0.8212
-0.4659
-0.6303
-0.03518
0.3371
-1.759
0.8545
1.854
0.05157
-1.17
1.845
0.8948
0.7298
0.08175
-0.04197
-1.623
1.017
-0.7444
-0.4116
-0.3134
0.3154
-1.078
-0.1889
0.1651
0.8149
-0.3931
1.375
0.3238
-0.4994
-0.5805
-0.2133
1.138
-0.3227
-0.002747
-0.7766
-0.6097
0.4336
0.6737
1.445
0.3954
0.5659
0.8155
0.3557
0.5797
-0.6889
1.21
-0.4535
0.1889
-1.051
1.829
-0.2709
0.889
0.8622
-1.463
0.09981
0.5538
0.5502
1.06
-0.2167
0.04243
-0.6403
-0.4733
0.3591
-0.9618
0.1476
-0.3111
-0.829
0.05059
0.7505
1.241
0.362
-0.4821
-0.6603
-1.309
0.05651
0.8339
0.226
0.2071
-1.3
-0.912
0.2489
0.4819
1.277
0.3757
0.914
1.16
-0.04788
-0.107
0.8475
0.2274
-0.2879
-0.1358
-1.193
-1.706
0.5358
0.5563
0.5528
-1.259
1.08
-0.5895
-0.3288
0.5726
-1.589
-0.08426
0.2899
-1.083
-0.2491
0.4873
2.634
-0.1779
-0.1426
0.3363
0.5462
-1.781
-1.575
-1.556
-0.3624
-0.06048
0.8368
-1.341
0.2118
-1.637
0.5531
0.8347
-0.04197
0.3411
0.9032
-0.2193
1.102
-1.1
0.2206
0.1773
-1.002
-0.9802
-0.2966
0.763
0.02585
0.1612
1.071
-0.1454
0.4258
1.694
-0.0002801
-0.1552
-0.5499
-0.9084
-0.4537
0.2912
-0.6303
1.089
0.7787
0.9199
-0.5336
0.7565
-0.1893
0.2879
-1.011
-0.2976
-0.5014
-0.738
-0.1986
0.2351
0.8383
1.461
0.2629
1.035
-1.389
-0.4655
0.1053
-0.04785
0.293
-1.591
-0.6876
0.1079
-0.6607
-0.01786
0.2468
-0.6989
-0.369
-0.9377
0.06815
0.02527
0.6765
-0.8888
-0.6618
-0.3688
-0.1347
1.315
0.226
1.095
0.1323
-0.777
0.3925
-0.01186
-0.6699
0.5379
0.4327
0.02993
0.08972
-0.4255
0.7773
-0.9453
0.01211
-0.6746
0.1513
-0.2171
0.2236
-0.4708
-0.1146
0.2846
-0.4595
-1.017
-1.07
0.4086
-0.08508
-0.2393
0.9164
-0.06031
-0.2317
0.8971
0.3094
-0.3327
0.0004859
-0.583
1.615
1.168
0.2361
-0.2667
-0.606
-0.1313
-0.07177
-0.4781
0.05379
0.3461
-0.2089
-0.3468
-0.5401
-0.8514
0.6049
-0.7071
-0.4066
-0.2248
-0.6968
0.289
-0.4528
0.3383
-1.553
-1.816
0.3747
-1.879
-0.3183
0.5226
-0.9094
1.024
-0.2721
-0.1188
-0.2921
-0.7508
-0.2556
-0.05493
2.024
1.088
-1.611
0.111
0.6749
0.6196
-0.8934
-1.086
-1.123
0.3583
-0.5847
1.239
0.2391
-0.04834
0.3654
1.133
-0.9819
0.6402
-0.1679
-1.291
0.06647
-0.1632
0.3593
1.585
-0.2674
-0.2553
-0.7987
-0.2447
-0.1181
-1.642
0.2414
-0.06126
0.2279
-0.6017
1.704
-0.3086
0.598
0.3678
-0.7173
0.034
-0.817
0.7647
0.3243
0.9927
-0.2981
0.05805
0.9713
0.09401
-0.4753
-1.347
0.184
0.6143
-0.2977
-0.1107
-0.9902
-0.6686
0.275
-0.04829
-0.9448
-0.5478
-0.7183
-0.5928
-0.5175
-1.304
0.2156
-0.923
-0.002051
0.09097
1.729
0.6733
-0.49
0.8393
-0.1
0.1193
-1.411
-0.612
-0.0814
-1.192
-0.9504
1.754
0.5363
1.409
-0.2553
-0.07433
-0.3597
-0.8637
-0.7451
0.7463
0.1802
-0.02891
0.2839
-0.6554
-0.3829
0.691
-0.3489
-1.578
-0.3946
0.523
0.4341
0.4712
-0.6872
-0.7246
-0.5888
-0.444
-0.8035
0.639
0.7944
0.6949
-0.7056
0.2705
2.203
2.464
2.68
0.1119
0.03181
-0.6399
2.274
-0.1145
-0.03592
-0.6544
-1.032
0.5521
0.1837
0.4442
1.695
-0.5018
-0.006057
0.1911
-0.6828
0.5332
-0.2273
-0.3357
0.006042
-1.128
-0.4004
0.7824
-0.8177
-0.1089
0.07364
0.0978
1.918
0.457
0.01134
-0.767
-0.4664
0.275
-1.123
-0.2777
0.1635
0.3557
0.3661
-0.5584
-0.937
-0.6696
-0.7474
0.2531
-0.1894
-0.3806
-0.3261
0.2298
0.3705
0.8144
0.9218
-0.641
-0.4311
2.342
-0.1253
-0.3998
-0.2034
0.02385
-0.5757
-0.6572
-0.351
1.2
-0.4925
0.7974
-0.08377
0.6485
1.038
-0.7723
-0.332
-0.6843
-0.1853
-0.876
-0.02992
-0.1022
-1.127
-0.6593
0.6242
0.1588
1.412
-0.8661
0.404
-0.8086
-0.7169
-0.2435
-0.5077
0.3014
-0.8285
0.3644
-0.3496
0.3087
0.1053
-0.3122
-0.5475
0.5004
0.5219
2.671
-0.6087
-0.5097
-0.5662
0.7104
-0.216
-0.4754
0.2653
0.5457
-1.166
-0.5269
-0.5842
0.2996
-0.1943
0.6811
1.835
-0.2799
1.495
0.1338
0.1803
-0.311
0.303
2.215
0.1006
0.9898
-0.3753
0.3196
-0.01378
0.9564
0.07517
0.09173
-0.6002
0.9163
0.1021
-0.1417
0.7255
0.1613
-0.9684
-0.01427
1.491
-0.556
-0.487
-0.1908
-0.1247
-0.5899
-0.5037
-0.1145
1.035
-0.2962
0.2178
1.083
-0.6826
0.05137
-0.9128
-0.675
-0.2706
-0.2152
0.4435
-0.8635
-0.2386
-0.7813
0.1561
1.451
-0.2985
0.1087
-0.215
-0.6414
0.2162
0.5782
-0.04197
0.5799
0.2951
-0.451
-0.8316
-0.08664
-0.6021
0.05909
0.6347
0.3863
0.1521
0.1683
0.1127
0.2226
-0.5054
0.1072
-0.2686
0.6089
0.1667
0.5979
-0.7258
-0.8964
-0.4858
-0.8572
0.3162
0.554
-0.09196
0.3849
-0.1194
0.6752
1.247
0.1369
-0.4436
0.3218
0.5631
0.9015
1.178
-0.08414
-0.6131
-0.5524
0.3252
-0.2706
-0.1378
-0.004675
0.9122
-0.1634
0.3376
0.02116
0.4302
-0.7669
-0.1316
-0.2903
-0.8013
-1.265
0.9086
-0.3471
0.3913
-0.4217
0.0116
1.489
-0.2849
0.2695
0.1265
0.5717
0.2817
0.2599
-0.2605
-0.334
0.5154
-0.3489
-0.5015
0.6466
0.2539
0.1393
-0.3373
0.9905
0.4345
-0.6932
0.3431
-0.4425
-0.9724
-0.547
0.2083
0.1349
-1.508
0.1319
0.4779
0.5794
-0.3704
-0.4921
-1.463
-0.1751
0.6324
-0.3759
-0.409
-0.218
0.01675
-0.122
-0.6634
0.1084
0.866
0.5306
-0.9981
-0.1434
0.0328
0.3789
0.3454
0.01098
-0.2009
-0.4244
-0.3298
-0.09535
0.4747
-0.03665
-0.7617
-1.048
-0.7688
-0.4675
-0.05837
-0.8766
0.1508
0.8783
-0.7753
1.186
-0.9577
-1.121
0.3061
0.3929
1.587
-0.5892
0.1209
-0.6622
-0.7815
-0.04197
0.3148
0.1004
0.7753
1.086
-0.1977
0.9739
-0.2123
-0.3729
-0.08475
0.534
0.5149
-0.3545
-0.5632
0.08594
0.7379
0.401
-0.1736
0.8549
-0.1883
0.5419
0.1606
-0.1146
0.5275
1.779
0.3627
-0.5379
0.9475
-0.5204
0.2604
-0.0621
0.119
1.167
0.01263
-0.6242
0.1176
0.8856
-0.2248
-0.8914
0.1574
1.622
-0.2135
-0.4795
0.5768
0.02655
0.893
0.1614
1.499
0.9439
-0.6902
-0.4415
0.05808
0.3951
-1.172
-0.7299
0.2039
0.8975
0.4672
0.2424
-0.8451
0.5716
-0.1511
1.442
-2.807
-0.9403
-0.1148
0.3264
-0.08067
0.7389
0.394
-0.3964
-0.4747
-0.8839
-1.166
0.3308
1.02
0.422
1.118
0.1866
-0.4995
1.122
0.9821
-0.5903
0.03789
0.1972
0.4673
0.738
-0.1901
-0.01881
0.618
1.038
1.175
-1.259
1.071
1.032
-0.1667
-0.2874
0.06968
1.169
0.02416
-0.7052
-0.5044
-0.05979
0.3096
0.1533
0.4048
2.188
0.3242
0.2372
1.389
-0.8399
0.4299
-0.1183
0.3562
-1.404
0.8073
-0.3015
1.051
0.6593
-0.07126
-1.628
0.2002
-1.426
-1.681
-0.06821
2.074
0.05648
1.102
-0.2409
0.5117
0.1475
1.829
0.2919
-0.3098
0.927
-0.9944
-0.3187
0.06966
0.06953
0.2836
-1.105
-2.139
-0.1949
-0.1994
1.202
-0.2483
-0.5321
0.4018
0.2612
-0.1555
-0.5356
0.4349
-1.36
-0.7569
0.1469
1.198
-0.3219
1.922
0.469
1.357
0.7232
0.5039
-0.2963
-0.9803
0.1497
-0.6835
0.6566
-0.03382
-2.394
-0.2005
0.6029
0.1072
1.699
0.1207
-0.7678
0.2196
-0.4223
1.39
-0.9835
0.6771
0.7242
-0.1183
0.3032
0.4536
0.4353
0.2196
-0.4027
-3.164
-1.055
0.4659
0.03625
-0.3676
-1.753
-1.929
0.5341
0.4081
0.0808
-0.09275
0.7759
0.1636
-0.3441
0.9075
-1.81
-0.6625
0.824
-0.2408
-0.5557
0.4167
0.3978
-0.1222
0.04244
-0.1095
1.549
1.057
0.911
0.1938
0.3229
0.05105
-0.3943
1.272
-0.08201
0.1661
-0.9978
1.967
0.1398
-0.2237
-0.006376
-1.801
0.5838
1.446
-1.375
-0.9766
-0.2316
-0.2886
-4.97
-1.978
0.5071
-0.1369
-0.05923
0.2296
-0.08502
1.123
0.2725
0.2165
-1.943
0.1304
-1.046
0.5694
0.9389
0.09493
-0.1318
0.4148
-0.1997
0.9218
-0.3933
-0.199
0.1405
-0.2711
1.405
0.2633
-0.3304
-1.251
-0.08011
0.119
1.228
-0.4692
0.1719
0.163
0.6577
1.101
0.06876
0.7012
0.1206
0.1123
-0.3303
-0.08265
0.1044
0.3433
-0.2202
-1.521
0.5652
-0.571
-2.721
0.329
1.788
1.52
0.6027
0.2486
0.1995
0.1388
-0.1102
1.926
-0.101
-0.3616
-0.7837
-0.04595
-0.7933
0.6297
-1.16
-0.3729
0.3051
0.6926
-1.039
-0.3575
1.146
-0.4352
-1.016
0.1243
0.02691
-0.9574
-0.5747
-0.5363
1.71
2.26
0.1917
0.9618
0.7189
0.52
0.563
-0.1765
0.9875
1.037
0.2552
1.101
-0.1534
-0.489
2.199
-1.443
-0.2235
1.482
0.559
-0.4641
-0.1003
0.819
-0.2085
1.272
0.5001
-0.4411
-0.7156
-1.159
0.852
-0.7362
1.427
2.007
-0.06649
0.01057
-0.07349
-1.134
0.1349
0.3532
-0.4088
0.3953
-0.4651
0.353
1.529
0.6142
0.006212
-0.8572
0.8421
-0.2312
0.271
-0.4997
-0.6162
1.418
0.06397
0.4011
1.339
0.9558
0.1173
-0.4606
0.141
-1.65
-2.41
0.8188
0.1909
0.3846
2.241
0.4694
-1.799
0.15
-1.533
-0.1684
-2.419
-2.33
1.832
0.8227
-0.3282
2.369
-2.069
-0.1709
-1.907
0.06809
0.199
0.6846
1.281
-0.1565
0.4187
2.004
0.002042
-0.2995
-0.4977
-0.6574
0.5496
0.1896
0.04644
-2.384
-0.3137
-2.525
-0.5475
0.6601
0.6658
2.391
-0.1735
0.6587
-0.2692
-0.1351
-0.5158
1.68
0.5085
-0.5993
1.066
0.1466
0.02193
0.3807
0.9208
0.4607
0.491
-0.02556
0.2463
0.3759
0.8273
-0.4367
-0.5523
0.6401
-0.6263
0.1987
-1.317
-0.3913
0.8421
-0.2745
0.7681
0.2471
-0.292
0.2341
-0.2822
0.9446
-0.1257
0.6898
0.5606
-1.064
-0.9582
-0.0679
-0.2562
0.4312
0.4033
0.4974
1.015
0.7155
0.1496
-0.3846
-0.4648
0.6576
1.095
0.2402
1.494
1.57
-0.3244
0.6357
-0.2394
-0.006043
-1.507
0.134
1.466
0.2741
-0.81
0.9848
-0.6974
-1
-1.36
0.7984
-2.002
-0.5752
-0.5
-1.144
-1.038
0.07278
0.9754
1.476
0.2991
-1.709
-0.9525
-0.01974
-0.0642
-1.424
2.802
0.4856
-0.5007
0.09556
0.9031
-0.5103
0.001545
1.653
0.1839
-0.03892
-2.78
-0.2552
-1.427
-1.03
-0.5835
1.603
-3.04
-2.412
-5.34
-22.94
5.153
8.667
-4.041
-0.05405
-8.684
2.354
-0.003378
4.766
2.786
1.519
-1.988
-0.7863
2.151
-1.654
-2.976
-1.772
1.164
2.658
-1.208
0.413
-1.561
0.9855
-2.307
0.7671
0.3663
1.348
-0.9757
-1.594
-4.309
0.6935
0.5811
-3.635
-0.6164
2.096
2.611
1.638
-2.294
0.7045
2.836
0.2137
2.105
-2.119
2.47
0.1104
0.1222
1.234
-0.4893
-2.639
-0.4418
1.286
-0.3572
