mu phi sigma rho nu
-0.4152 0.9501 0.2049 -0.3308 12
-0.4006 0.9607 0.1784 -0.3513 13
-0.4010 0.9583 0.1875 -0.2174 11
-0.3234 0.9585 0.2045 -0.4681 15
-0.4338 0.9641 0.1774 -0.3414 11
-0.3890 0.9500 0.1871 -0.4278 15
-0.3734 0.9629 0.1553 -0.3052 12
-0.4614 0.9489 0.1966 -0.4307 10
-0.4659 0.9492 0.1964 -0.4006 11
-0.3891 0.9687 0.1340 -0.3468 11
-0.4378 0.9691 0.1433 -0.2065 9
-0.4101 0.9675 0.1575 -0.3870 11
-0.3337 0.9694 0.1452 -0.4580 15
-0.3632 0.9593 0.1812 -0.2886 21
-0.3753 0.9374 0.2127 -0.1612 22
-0.3554 0.9538 0.1926 -0.3197 13
-0.3525 0.9508 0.1944 -0.4325 13
-0.3539 0.9544 0.1921 -0.2964 15
-0.5054 0.9466 0.2093 -0.2616 7
-0.3970 0.9693 0.1482 -0.2969 12
-0.4647 0.9684 0.1276 -0.1944 10
-0.3478 0.9607 0.1761 -0.3161 19
-0.3987 0.9702 0.1608 -0.3612 12
-0.3897 0.9651 0.1660 -0.2125 15
-0.3960 0.9612 0.1667 -0.3609 15
-0.3638 0.9569 0.1690 -0.1836 9
-0.4318 0.9677 0.1507 -0.3910 11
-0.3713 0.9686 0.1491 -0.3645 13
-0.4108 0.9626 0.1782 -0.2142 19
-0.3779 0.9453 0.2038 -0.3725 10
-0.5207 0.9587 0.1912 -0.4546 10
-0.3725 0.9717 0.1568 -0.3771 13
-0.4755 0.9684 0.1492 -0.1722 8
-0.4202 0.9767 0.1388 -0.4265 13
-0.3852 0.9568 0.1730 -0.4430 15
-0.4014 0.9810 0.1029 -0.1269 7
-0.4036 0.9799 0.1433 -0.2234 18
-0.3947 0.9629 0.1616 -0.3800 12
-0.4041 0.9631 0.1632 -0.2632 14
-0.3736 0.9505 0.1985 -0.2576 11
-0.4316 0.9575 0.1828 -0.2678 11
-0.4445 0.9551 0.1884 -0.3282 11
-0.4186 0.9777 0.1363 -0.2262 9
-0.3620 0.9651 0.1543 -0.2679 16
-0.3960 0.9632 0.1722 -0.1231 16
-0.3241 0.9598 0.1702 -0.3622 16
-0.4650 0.9514 0.1776 -0.2199 9
-0.4742 0.9793 0.1333 -0.3534 9
-0.4194 0.9596 0.1704 -0.2114 17
-0.4197 0.9555 0.1937 -0.3120 12
-0.3188 0.9621 0.1705 -0.3261 18
-0.4516 0.9648 0.1688 -0.3739 10
-0.3763 0.9643 0.1668 -0.3117 10
-0.3647 0.9683 0.1702 -0.2820 15
-0.3470 0.9700 0.1645 -0.4695 15
-0.3795 0.9465 0.1960 -0.4982 12
-0.3484 0.9587 0.1969 -0.1976 16
-0.3793 0.9594 0.1752 -0.1283 10
-0.3680 0.9632 0.1591 -0.2867 15
-0.2973 0.9658 0.1722 -0.4681 21
-0.4652 0.9737 0.1508 -0.2777 11
-0.3935 0.9721 0.1420 -0.3732 13
-0.3914 0.9773 0.1474 -0.3291 11
-0.4109 0.9458 0.2216 -0.2484 10
-0.3518 0.9715 0.1554 -0.4351 21
-0.3570 0.9714 0.1387 -0.3004 18
-0.4867 0.9648 0.1771 -0.2666 8
-0.4177 0.9656 0.1710 -0.2319 12
-0.3361 0.9617 0.1820 -0.3327 14
-0.4229 0.9389 0.2151 -0.3627 12
-0.3770 0.9653 0.1660 -0.4756 11
-0.3988 0.9475 0.1833 -0.3524 14
-0.4372 0.9557 0.1798 -0.3216 14
-0.3616 0.9611 0.1570 -0.3385 10
-0.3100 0.9564 0.1961 -0.4085 12
-0.4095 0.9648 0.1591 -0.1139 9
-0.3633 0.9510 0.2022 -0.4619 18
-0.3512 0.9712 0.1576 -0.5225 12
-0.3898 0.9714 0.1286 -0.3005 13
-0.4991 0.9665 0.1573 -0.4059 10
-0.3976 0.9741 0.1320 -0.1557 17
-0.3496 0.9666 0.1507 -0.3394 12
-0.4577 0.9817 0.1186 -0.3264 10
-0.3159 0.9561 0.1849 -0.3297 22
-0.3259 0.9738 0.1384 -0.3091 19
-0.4368 0.9623 0.1503 -0.2257 11
-0.4334 0.9601 0.1946 -0.1664 11
-0.3920 0.9536 0.1650 -0.2872 10
-0.3862 0.9604 0.1679 -0.2893 21
-0.4797 0.9742 0.1459 -0.4042 10
-0.4696 0.9523 0.1886 -0.3952 10
-0.3250 0.9601 0.1807 -0.0412 17
-0.3750 0.9687 0.1464 -0.3861 12
-0.3372 0.9522 0.1870 -0.2936 20
-0.4099 0.9464 0.2234 -0.3490 14
-0.4691 0.9758 0.1360 -0.3150 9
-0.3577 0.9525 0.1824 -0.1875 16
-0.3658 0.9424 0.2125 -0.3020 20
-0.3462 0.9580 0.1916 -0.3507 32
-0.3900 0.9669 0.1455 -0.3150 13
-0.4581 0.9664 0.1388 -0.1350 9
-0.3861 0.9611 0.1698 -0.3619 13
-0.3797 0.9486 0.2187 -0.1124 13
-0.4198 0.9480 0.1855 -0.3373 12
-0.4647 0.9655 0.1408 -0.2116 9
-0.4815 0.9612 0.1591 -0.1888 9
-0.3742 0.9733 0.1507 -0.3558 11
-0.4020 0.9536 0.1963 -0.3535 10
-0.4313 0.9603 0.1855 -0.3267 14
-0.3028 0.9678 0.1473 -0.2504 18
-0.3482 0.9466 0.2239 -0.1588 29
-0.3704 0.9602 0.1909 -0.2690 13
-0.3751 0.9649 0.1544 -0.2153 17
-0.3685 0.9639 0.1589 -0.3715 14
-0.4256 0.9634 0.1698 -0.2925 17
-0.4494 0.9667 0.1590 -0.3564 12
-0.3857 0.9524 0.2038 -0.3385 19
-0.4025 0.9466 0.1958 -0.3414 16
-0.4882 0.9601 0.1795 -0.4021 12
-0.4494 0.9672 0.1575 -0.3403 11
-0.3481 0.9638 0.1651 -0.2449 19
-0.3882 0.9699 0.1472 -0.2545 12
-0.4515 0.9559 0.2066 -0.3852 11
-0.4314 0.9529 0.1838 -0.2904 8
-0.3332 0.9450 0.2090 -0.3154 29
-0.3757 0.9423 0.2282 -0.1990 40
-0.5913 0.9664 0.1506 -0.3017 7
-0.4302 0.9520 0.1744 -0.0003 9
-0.3815 0.9476 0.1954 -0.3706 16
-0.3970 0.9587 0.1832 -0.3209 14
-0.3942 0.9743 0.1564 -0.4388 10
-0.3926 0.9656 0.1502 -0.2744 11
-0.4342 0.9603 0.1885 -0.2737 12
-0.2328 0.9685 0.1530 -0.4197 33
-0.4081 0.9618 0.1693 -0.1279 19
-0.5024 0.9520 0.1930 -0.3677 7
-0.4544 0.9746 0.1488 -0.1702 10
-0.3620 0.9641 0.1783 -0.2869 13
-0.3758 0.9573 0.1983 -0.5375 18
-0.2948 0.9396 0.2202 -0.2203 48
-0.2839 0.9501 0.1992 -0.2500 21
-0.4506 0.9660 0.1493 -0.3596 7
-0.3200 0.9715 0.1522 -0.3598 16
-0.3699 0.9764 0.1258 -0.2550 11
-0.3041 0.9752 0.1329 -0.3298 13
-0.4059 0.9570 0.1914 -0.5030 12
-0.2858 0.9687 0.1445 -0.3070 14
-0.3423 0.9694 0.1600 -0.3699 12
-0.4048 0.9438 0.2147 -0.1791 10
-0.4042 0.9655 0.1523 -0.3582 11
-0.3303 0.9433 0.2203 -0.3104 21
-0.3452 0.9622 0.1726 -0.3552 13
-0.4905 0.9607 0.1679 -0.2484 9
-0.3901 0.9681 0.1487 -0.2899 12
-0.4351 0.9581 0.1862 -0.2274 14
-0.4664 0.9666 0.1776 -0.3506 9
-0.4488 0.9571 0.1877 -0.3850 13
-0.3882 0.9592 0.2044 -0.2676 13
-0.4817 0.9688 0.1569 -0.3612 15
-0.3022 0.9723 0.1504 -0.2396 21
-0.3570 0.9700 0.1601 -0.2539 13
-0.3613 0.9789 0.1323 -0.3380 11
-0.3069 0.9425 0.2118 -0.2104 32
-0.3228 0.9539 0.1721 -0.3400 11
-0.4327 0.9773 0.1303 -0.1903 10
-0.4060 0.9637 0.1604 -0.4162 13
-0.4028 0.9619 0.1710 -0.3893 15
-0.4229 0.9645 0.1797 -0.2572 10
-0.4533 0.9728 0.1487 -0.3888 9
-0.3228 0.9594 0.1972 -0.2294 17
-0.4216 0.9640 0.1703 -0.4968 14
-0.3456 0.9635 0.1936 -0.1743 15
-0.4507 0.9684 0.1515 -0.2915 8
-0.3920 0.9678 0.1294 -0.1821 12
-0.3542 0.9705 0.1519 -0.3125 10
-0.3039 0.9646 0.1588 -0.1590 19
-0.3886 0.9746 0.1336 -0.3704 10
-0.4430 0.9566 0.1765 -0.3090 12
-0.4650 0.9721 0.1595 -0.4234 12
-0.4571 0.9639 0.1830 -0.3414 10
-0.4341 0.9627 0.1651 -0.3331 12
-0.2998 0.9551 0.1896 -0.2735 19
-0.3681 0.9641 0.1789 -0.3366 20
-0.3463 0.9473 0.1876 -0.3460 15
-0.3682 0.9563 0.1846 -0.2971 13
-0.4198 0.9684 0.1578 -0.2594 10
-0.3982 0.9411 0.2112 -0.2424 10
-0.3774 0.9442 0.1882 -0.3191 10
-0.3950 0.9721 0.1469 -0.2871 12
-0.4237 0.9720 0.1829 -0.3355 12
-0.4598 0.9560 0.1636 -0.1821 11
-0.3365 0.9617 0.1696 -0.3228 17
-0.3941 0.9629 0.1670 -0.4818 11
-0.3060 0.9645 0.1685 -0.2295 17
-0.4403 0.9580 0.1873 -0.3497 15
-0.3867 0.9610 0.1913 -0.2714 14
-0.3418 0.9759 0.1349 -0.3255 15
-0.3155 0.9656 0.1828 -0.3423 15
-0.3124 0.9689 0.1558 -0.3719 17
-0.3113 0.9682 0.1575 -0.4301 18
-0.3748 0.9644 0.1758 -0.3898 18
-0.3295 0.9533 0.1778 -0.4232 19
-0.4092 0.9726 0.1425 -0.2814 12
-0.4124 0.9734 0.1346 -0.1835 10
-0.4002 0.9699 0.1373 -0.1100 15
-0.4122 0.9462 0.2170 -0.3507 15
-0.3557 0.9611 0.1515 -0.3700 12
-0.4576 0.9695 0.1666 -0.1946 8
-0.3140 0.9621 0.1722 -0.3223 19
-0.4787 0.9665 0.1648 -0.2528 9
-0.4144 0.9492 0.2130 -0.1826 14
-0.4409 0.9549 0.1837 -0.2396 10
-0.4769 0.9621 0.1757 -0.0745 9
-0.3470 0.9764 0.1566 -0.1962 9
-0.3814 0.9669 0.1605 -0.4860 9
-0.3815 0.9587 0.1867 -0.3950 15
-0.3609 0.9704 0.1621 -0.4106 16
-0.3801 0.9630 0.1700 -0.2192 20
-0.4072 0.9575 0.1858 -0.3001 14
-0.4929 0.9720 0.1485 -0.2890 9
-0.4320 0.9710 0.1445 -0.3481 8
-0.2950 0.9557 0.1833 -0.4413 32
-0.4142 0.9611 0.1803 -0.3273 14
-0.3307 0.9607 0.1830 -0.4222 19
-0.4748 0.9722 0.1439 -0.1990 10
-0.4159 0.9625 0.1557 -0.4704 10
-0.4132 0.9689 0.1540 -0.2249 11
-0.4197 0.9628 0.1807 -0.1131 15
-0.4051 0.9774 0.1291 -0.1937 12
-0.2976 0.9504 0.2056 -0.1451 34
-0.3771 0.9783 0.1257 -0.0686 12
-0.3871 0.9593 0.1756 -0.5119 18
-0.5068 0.9622 0.1606 -0.2490 8
-0.3669 0.9724 0.1470 -0.1254 11
-0.3726 0.9498 0.2286 -0.5781 15
-0.4173 0.9621 0.1868 -0.3355 11
-0.3818 0.9772 0.1295 -0.3171 22
-0.2843 0.9605 0.1681 -0.3597 21
-0.4514 0.9694 0.1441 -0.2585 11
-0.3348 0.9544 0.1873 -0.3165 16
-0.2829 0.9702 0.1430 -0.1298 32
-0.3462 0.9595 0.1934 -0.3431 16
-0.3696 0.9607 0.1605 -0.3029 10
-0.4116 0.9521 0.2110 -0.3439 17
-0.3284 0.9571 0.1872 -0.3702 35
-0.3217 0.9646 0.1724 -0.4946 21
-0.3517 0.9669 0.1687 -0.2037 14
-0.3666 0.9611 0.1710 -0.4026 24
-0.3812 0.9726 0.1515 -0.1652 13
-0.4822 0.9663 0.1661 -0.3880 9
-0.4261 0.9634 0.1602 -0.2516 11
-0.3730 0.9611 0.1628 -0.2456 15
-0.3804 0.9655 0.1555 -0.3411 18
-0.4569 0.9623 0.1669 -0.2429 10
-0.3811 0.9662 0.1561 -0.3604 13
-0.4678 0.9586 0.1821 -0.4226 11
-0.4242 0.9668 0.1581 -0.3110 11
-0.3816 0.9657 0.1824 -0.4985 20
-0.3833 0.9618 0.1675 -0.2203 17
-0.3987 0.9516 0.1923 -0.3475 16
-0.4213 0.9731 0.1371 -0.3361 13
-0.3516 0.9465 0.2065 -0.2867 36
-0.4091 0.9674 0.1370 -0.3043 13
-0.4233 0.9746 0.1494 -0.2819 14
-0.3999 0.9754 0.1240 -0.1480 13
-0.2723 0.9688 0.1611 -0.3985 16
-0.3977 0.9478 0.1985 -0.1414 15
-0.3382 0.9779 0.1309 -0.3382 11
-0.4240 0.9522 0.2003 -0.3074 12
-0.4835 0.9718 0.1399 -0.2188 7
-0.3769 0.9736 0.1310 -0.1387 12
-0.4300 0.9460 0.2149 -0.3460 11
-0.5179 0.9519 0.1667 -0.2840 9
-0.3701 0.9690 0.1639 -0.4250 14
-0.4551 0.9641 0.1585 -0.2273 11
-0.3712 0.9520 0.1884 -0.3249 13
-0.4170 0.9651 0.1606 -0.4655 13
-0.4784 0.9627 0.1384 -0.2885 8
-0.4177 0.9504 0.1869 -0.3304 12
-0.3919 0.9737 0.1327 -0.2736 15
-0.4001 0.9697 0.1659 -0.4606 9
-0.4060 0.9582 0.1921 -0.2733 13
-0.5410 0.9687 0.1486 -0.2649 8
-0.3820 0.9724 0.1501 -0.3690 13
-0.2266 0.9599 0.1955 -0.2235 31
-0.4374 0.9545 0.2012 -0.2006 13
-0.3791 0.9479 0.2028 -0.3484 25
-0.4624 0.9670 0.1505 -0.2231 9
-0.3554 0.9542 0.1904 -0.2185 15
-0.4098 0.9727 0.1345 -0.2773 10
-0.4295 0.9722 0.1348 -0.4566 8
-0.5015 0.9517 0.1805 -0.4951 7
-0.4255 0.9745 0.1453 -0.2245 13
-0.3729 0.9466 0.2069 -0.2349 18
-0.3869 0.9687 0.1524 -0.3734 10
-0.3936 0.9738 0.1426 -0.2498 9
-0.3518 0.9710 0.1375 -0.2637 18
-0.3399 0.9723 0.1488 -0.2819 14
-0.3672 0.9767 0.1318 -0.2174 12
-0.3876 0.9578 0.1597 -0.2578 15
-0.4663 0.9738 0.1486 -0.2973 12
-0.3862 0.9388 0.2056 -0.1727 13
-0.3538 0.9504 0.2149 -0.4037 15
-0.3050 0.9444 0.1990 -0.3496 17
-0.3927 0.9500 0.1627 -0.1634 15
-0.3089 0.9683 0.1587 -0.1221 23
-0.4729 0.9586 0.1760 -0.4544 12
-0.4333 0.9638 0.1733 -0.3725 12
-0.3731 0.9698 0.1569 -0.2860 13
-0.3111 0.9572 0.1803 -0.4439 29
-0.4328 0.9589 0.1603 -0.2869 8
-0.3583 0.9766 0.1304 -0.4166 10
-0.3661 0.9547 0.2047 -0.2308 16
-0.4652 0.9570 0.1760 -0.2887 8
-0.2990 0.9466 0.1952 -0.4900 21
-0.3917 0.9683 0.1559 -0.3311 10
-0.4639 0.9727 0.1480 -0.3995 11
-0.4290 0.9631 0.1911 -0.4574 12
-0.3304 0.9616 0.1557 -0.2622 18
-0.4585 0.9710 0.1567 -0.3829 9
-0.3856 0.9733 0.1472 -0.2838 13
-0.3839 0.9698 0.1525 -0.2512 10
-0.4102 0.9518 0.1801 -0.1973 11
-0.3837 0.9515 0.1900 -0.3091 20
-0.4244 0.9482 0.1942 -0.3051 15
-0.4604 0.9628 0.1761 -0.4190 9
-0.3199 0.9558 0.2199 -0.4129 28
-0.4188 0.9762 0.1432 -0.1840 13
-0.3747 0.9768 0.1361 -0.2695 11
-0.3680 0.9717 0.1654 -0.2777 16
-0.3885 0.9503 0.1859 -0.3516 18
-0.3886 0.9564 0.1799 -0.2397 15
-0.3810 0.9608 0.1908 -0.3444 14
-0.3403 0.9367 0.2143 -0.1457 16
-0.4110 0.9725 0.1283 -0.2137 11
-0.3500 0.9720 0.1531 -0.3487 13
-0.3231 0.9701 0.1577 -0.2573 12
-0.3988 0.9699 0.1589 -0.2409 16
-0.3388 0.9739 0.1545 -0.2872 10
-0.4944 0.9564 0.1831 -0.2512 7
-0.4205 0.9773 0.1315 -0.2968 10
-0.4522 0.9593 0.1806 -0.3332 10
-0.4074 0.9786 0.1294 -0.0135 9
-0.3736 0.9578 0.2009 -0.2726 21
-0.4436 0.9624 0.1682 -0.3525 10
-0.4457 0.9669 0.1783 -0.1488 12
-0.4000 0.9693 0.1786 -0.3809 11
-0.3246 0.9560 0.1783 -0.3109 18
-0.3394 0.9483 0.2059 -0.3300 16
-0.3733 0.9557 0.1992 -0.3576 17
-0.4308 0.9588 0.1862 -0.3586 11
-0.3250 0.9521 0.2034 -0.3058 18
-0.3874 0.9598 0.1888 -0.3613 14
-0.4397 0.9742 0.1408 -0.3565 8
-0.4202 0.9605 0.1711 -0.3343 12
-0.4447 0.9566 0.1730 -0.4683 11
-0.4064 0.9535 0.1734 -0.2847 9
-0.3929 0.9560 0.1792 -0.2240 13
-0.4013 0.9635 0.1605 -0.2019 13
-0.3832 0.9559 0.1940 -0.3680 13
-0.3489 0.9556 0.2020 -0.3138 14
-0.3647 0.9560 0.1874 -0.3510 18
-0.4181 0.9676 0.1350 -0.2237 11
-0.3646 0.9716 0.1498 -0.2295 16
-0.4117 0.9617 0.1725 -0.4631 19
-0.3858 0.9679 0.1617 -0.2939 11
-0.4496 0.9747 0.1332 -0.2318 10
-0.3818 0.9626 0.1618 -0.3026 12
-0.2933 0.9634 0.1744 -0.3847 17
-0.3518 0.9536 0.2036 -0.4275 21
-0.2047 0.9746 0.1290 -0.3073 39
-0.4769 0.9627 0.1750 -0.2863 10
-0.3992 0.9644 0.1563 -0.1912 11
-0.4030 0.9578 0.1782 -0.1865 12
-0.3667 0.9771 0.1319 -0.4248 14
-0.4030 0.9717 0.1501 -0.2328 9
-0.3423 0.9634 0.1679 -0.3311 31
-0.4345 0.9565 0.1956 -0.1954 10
-0.4137 0.9554 0.1851 -0.3343 14
-0.3316 0.9756 0.1442 -0.3907 11
-0.3967 0.9584 0.1773 -0.2457 11
-0.3225 0.9705 0.1447 -0.1953 15
-0.3358 0.9698 0.1684 -0.3231 27
-0.3621 0.9631 0.1899 -0.3607 13
-0.3673 0.9707 0.1258 -0.2922 8
-0.3712 0.9724 0.1523 -0.4167 12
-0.4411 0.9724 0.1361 -0.3855 8
-0.3284 0.9590 0.1867 -0.4020 16
-0.4145 0.9501 0.1832 -0.2820 11
-0.4265 0.9490 0.1521 -0.3096 11
-0.5564 0.9555 0.1841 -0.4316 7
-0.3604 0.9671 0.1638 -0.3483 16
-0.3403 0.9659 0.1576 -0.3245 13
-0.3158 0.9693 0.1605 -0.4181 14
-0.3783 0.9617 0.1681 -0.1060 11
-0.4401 0.9701 0.1432 -0.2421 12
-0.4143 0.9517 0.1888 -0.3165 11
-0.3364 0.9656 0.1690 -0.3901 23
-0.3375 0.9773 0.1357 -0.2382 14
-0.4329 0.9503 0.1885 -0.3225 11
-0.3581 0.9586 0.1783 -0.4133 17
-0.3864 0.9607 0.1742 -0.2307 14
-0.4158 0.9606 0.1955 -0.4442 9
-0.4743 0.9658 0.1606 -0.3531 9
-0.3816 0.9588 0.1862 -0.4677 9
-0.3578 0.9741 0.1297 -0.2249 12
-0.3342 0.9521 0.1918 -0.2415 17
-0.4360 0.9483 0.2147 -0.2431 12
-0.4382 0.9541 0.2027 -0.3482 13
-0.3258 0.9635 0.1615 -0.4355 17
-0.4036 0.9636 0.1684 -0.4359 10
-0.3834 0.9721 0.1373 -0.3865 25
-0.3993 0.9637 0.1665 -0.3885 9
-0.3878 0.9814 0.1191 -0.2232 9
-0.4683 0.9580 0.1652 -0.2905 7
-0.4275 0.9665 0.1467 -0.3040 9
-0.3954 0.9666 0.1575 -0.3286 12
-0.4019 0.9601 0.1855 -0.4082 16
-0.4628 0.9736 0.1546 -0.2979 9
-0.4655 0.9685 0.1681 -0.4334 8
-0.3432 0.9456 0.2033 -0.5007 18
-0.4441 0.9556 0.1763 -0.3747 10
-0.3495 0.9599 0.1680 -0.3346 15
-0.3544 0.9521 0.1883 -0.3157 11
-0.4168 0.9583 0.1809 -0.4107 11
-0.3068 0.9589 0.1819 -0.3140 35
-0.2986 0.9472 0.2057 -0.2976 20
-0.3713 0.9605 0.1546 -0.3121 10
-0.4697 0.9644 0.1597 -0.2997 10
-0.3931 0.9454 0.2069 -0.2833 21
-0.3990 0.9692 0.1582 -0.4094 15
-0.4790 0.9593 0.1713 -0.2684 9
-0.4304 0.9756 0.1336 -0.2881 10
-0.3037 0.9474 0.2170 -0.2249 22
-0.3557 0.9597 0.1830 -0.2463 30
-0.3658 0.9585 0.1959 -0.2528 19
-0.4563 0.9472 0.2011 -0.3528 11
-0.3985 0.9726 0.1447 -0.3081 11
-0.3315 0.9645 0.1633 -0.3576 13
-0.3940 0.9605 0.1799 -0.1560 14
-0.4351 0.9469 0.2003 -0.3229 11
-0.4390 0.9702 0.1619 -0.1454 10
-0.3935 0.9709 0.1575 -0.3503 13
-0.3369 0.9705 0.1431 -0.1824 12
-0.4251 0.9599 0.2012 -0.4314 12
-0.3283 0.9604 0.1584 -0.3904 16
-0.3935 0.9679 0.1629 -0.3517 17
-0.4203 0.9646 0.1856 -0.2885 13
-0.3722 0.9564 0.2080 -0.3263 28
-0.3896 0.9507 0.1907 -0.1809 11
-0.4123 0.9530 0.2102 -0.3043 12
-0.3379 0.9507 0.1931 -0.2990 24
-0.3720 0.9537 0.1949 -0.4323 26
-0.4031 0.9429 0.1873 -0.2837 24
-0.3938 0.9702 0.1413 -0.2004 9
-0.3339 0.9734 0.1457 -0.3247 17
-0.4367 0.9675 0.1278 -0.3898 10
-0.4712 0.9663 0.1516 -0.3166 9
-0.3818 0.9338 0.2266 -0.3373 13
-0.3521 0.9507 0.1839 -0.3930 21
-0.3166 0.9693 0.1639 -0.2644 14
-0.4122 0.9622 0.1660 -0.2616 11
-0.3524 0.9642 0.1766 -0.3537 12
-0.3482 0.9675 0.1667 -0.2953 11
-0.4065 0.9612 0.1547 -0.1952 11
-0.3069 0.9413 0.2559 -0.3387 42
-0.3681 0.9684 0.1623 -0.2073 16
-0.3046 0.9495 0.2131 -0.1929 35
-0.4184 0.9740 0.1331 -0.3363 9
-0.3848 0.9348 0.2376 -0.2288 16
-0.3758 0.9582 0.1756 -0.3095 11
-0.2609 0.9609 0.1952 -0.3505 39
-0.3395 0.9586 0.1815 -0.2202 10
-0.3709 0.9495 0.2129 -0.3638 19
-0.3366 0.9735 0.1432 -0.2021 13
-0.3720 0.9709 0.1400 -0.1630 14
-0.4094 0.9514 0.1905 -0.3722 13
-0.3677 0.9573 0.1875 -0.2535 10
-0.4158 0.9622 0.1839 -0.1434 10
-0.4436 0.9729 0.1426 -0.2288 9
-0.3855 0.9713 0.1382 -0.3595 16
-0.4196 0.9667 0.1697 -0.4285 15
-0.4685 0.9415 0.1963 -0.3458 10
-0.4822 0.9595 0.1807 -0.1807 10
-0.3470 0.9690 0.1446 -0.3085 15
-0.3580 0.9632 0.1590 -0.3336 10
-0.5237 0.9300 0.2120 -0.4631 8
-0.4271 0.9638 0.1761 -0.1039 16
-0.2880 0.9707 0.1556 -0.3743 18
-0.4619 0.9648 0.1767 -0.3397 10
-0.2831 0.9769 0.1261 -0.2728 14
-0.3761 0.9566 0.1617 -0.4375 13
-0.3176 0.9650 0.1819 -0.1852 22
-0.4437 0.9591 0.1636 -0.2648 10
-0.3313 0.9683 0.1361 -0.3819 15
-0.3686 0.9779 0.1361 -0.3035 10
-0.4218 0.9650 0.1519 -0.2513 12
-0.4957 0.9724 0.1494 -0.2653 8
-0.4052 0.9681 0.1477 -0.2623 12
-0.3820 0.9663 0.1631 -0.3016 13
-0.3682 0.9551 0.1854 -0.3107 17
-0.4034 0.9598 0.1933 -0.1091 13
-0.3186 0.9207 0.2571 -0.0628 28
-0.3959 0.9503 0.1782 -0.3219 12
-0.2376 0.9593 0.1742 -0.3244 19
-0.3734 0.9607 0.1959 -0.3775 13
-0.4023 0.9722 0.1508 -0.1419 10
-0.4483 0.9344 0.2244 -0.1529 14
-0.2729 0.9601 0.1686 -0.3232 26
-0.3832 0.9596 0.1846 -0.3844 14
-0.3393 0.9736 0.1361 -0.3778 13
-0.3378 0.9658 0.1563 -0.3981 17
-0.3682 0.9685 0.1566 -0.1798 11
-0.4143 0.9651 0.1648 -0.4254 12
-0.2625 0.9572 0.1882 -0.3291 45
-0.4323 0.9634 0.1695 -0.3843 11
-0.3394 0.9471 0.2252 -0.3727 17
-0.3469 0.9703 0.1548 -0.2814 20
-0.3882 0.9789 0.1260 -0.1621 13
-0.3818 0.9577 0.1843 -0.2952 19
-0.4240 0.9354 0.2129 -0.3076 15
-0.3867 0.9739 0.1354 -0.1333 12
-0.3620 0.9490 0.2014 -0.3125 16
-0.4111 0.9609 0.1777 -0.1453 10
-0.4081 0.9755 0.1430 -0.4726 11
-0.3845 0.9737 0.1321 -0.3040 11
-0.4645 0.9624 0.1416 -0.2985 10
-0.3712 0.9707 0.1518 -0.2592 16
-0.4073 0.9635 0.1463 -0.2895 11
-0.2742 0.9590 0.1842 -0.3808 18
-0.3700 0.9626 0.1675 -0.3764 17
-0.3550 0.9564 0.1916 -0.3397 16
-0.2323 0.9310 0.2346 -0.2798 48
-0.3207 0.9788 0.1192 -0.0948 14
-0.4542 0.9594 0.1973 -0.5120 10
-0.3617 0.9564 0.1857 -0.1700 16
-0.4953 0.9818 0.1234 -0.2697 8
-0.3686 0.9654 0.1632 -0.2664 13
-0.4275 0.9738 0.1542 -0.1533 8
-0.3736 0.9397 0.2241 -0.4351 15
-0.3908 0.9608 0.2008 -0.3745 13
-0.4135 0.9604 0.1759 -0.3805 16
-0.3169 0.9668 0.1596 -0.3778 12
-0.4668 0.9576 0.1729 -0.2510 9
-0.3759 0.9712 0.1383 -0.1256 14
-0.2747 0.9437 0.2068 -0.3565 35
-0.4010 0.9727 0.1625 -0.1575 26
-0.4427 0.9563 0.1688 -0.4019 10
-0.3588 0.9509 0.1946 -0.4431 15
-0.4482 0.9692 0.1502 -0.0510 10
-0.4604 0.9678 0.1532 -0.4045 11
-0.4257 0.9699 0.1633 -0.1151 11
-0.3948 0.9522 0.1833 -0.3188 10
-0.4079 0.9593 0.1763 -0.3092 13
-0.2553 0.9502 0.2083 -0.3016 29
-0.4290 0.9447 0.1957 -0.2549 11
-0.3199 0.9558 0.2029 -0.2453 18
-0.3038 0.9564 0.1982 -0.4269 13
-0.3478 0.9647 0.1529 -0.3226 18
-0.4737 0.9714 0.1492 -0.2671 9
-0.3900 0.9585 0.1849 -0.2575 20
-0.4170 0.9657 0.1512 -0.1735 9
-0.4273 0.9632 0.1783 -0.2685 18
-0.3968 0.9543 0.1816 -0.2572 14
-0.3270 0.9607 0.1565 -0.2356 17
-0.3699 0.9785 0.1306 -0.4027 11
-0.3827 0.9640 0.1800 -0.2755 14
-0.4245 0.9620 0.1777 -0.3088 14
-0.4210 0.9664 0.1802 -0.2701 12
-0.4194 0.9709 0.1578 -0.1825 12
-0.3381 0.9633 0.1674 -0.3326 17
-0.3306 0.9586 0.1781 -0.3197 20
-0.4825 0.9541 0.2002 -0.3364 7
-0.4368 0.9698 0.1609 -0.5900 11
-0.3082 0.9459 0.1968 -0.2807 41
-0.3600 0.9513 0.1942 -0.2422 13
-0.5502 0.9700 0.1565 -0.3773 8
-0.4129 0.9651 0.1641 -0.3306 12
-0.3669 0.9717 0.1517 -0.3055 15
-0.3639 0.9637 0.1706 -0.3525 20
-0.4080 0.9610 0.1612 -0.4680 12
-0.4804 0.9695 0.1489 -0.2817 11
-0.3988 0.9664 0.1462 -0.3574 13
-0.3194 0.9582 0.1623 -0.3603 14
-0.4081 0.9452 0.1876 -0.3645 10
-0.3799 0.9658 0.1563 -0.4143 13
-0.3420 0.9720 0.1288 -0.3783 15
-0.4722 0.9720 0.1438 -0.2636 10
-0.4204 0.9640 0.1584 -0.4033 9
-0.4889 0.9746 0.1527 -0.3862 7
-0.3760 0.9600 0.1661 -0.3137 14
-0.3971 0.9714 0.1340 -0.3208 10
-0.4528 0.9681 0.1560 -0.3166 10
-0.2681 0.9604 0.1603 -0.2839 14
-0.3863 0.9669 0.1596 -0.4009 10
-0.4037 0.9608 0.1714 -0.3038 13
-0.3864 0.9653 0.1417 -0.3950 10
-0.4957 0.9527 0.1881 -0.3616 9
-0.3823 0.9633 0.1590 -0.1747 12
-0.3373 0.9251 0.2610 -0.2321 30
-0.3295 0.9561 0.1695 -0.3142 18
-0.4482 0.9604 0.1624 -0.2741 12
-0.4206 0.9496 0.2023 -0.2550 17
-0.4789 0.9702 0.1327 -0.3207 9
-0.4550 0.9730 0.1492 -0.2293 12
-0.4389 0.9435 0.2060 -0.1515 9
-0.2944 0.9661 0.1664 -0.4122 19
-0.4465 0.9755 0.1337 -0.3117 8
-0.3393 0.9804 0.1351 -0.2538 11
-0.3999 0.9594 0.1604 -0.2975 17
-0.3979 0.9589 0.1923 -0.5602 15
-0.3595 0.9659 0.1564 -0.2387 12
-0.3535 0.9607 0.1665 -0.2345 14
-0.3740 0.9612 0.1636 -0.3114 18
-0.4632 0.9534 0.1980 -0.3729 12
-0.3661 0.9576 0.1895 -0.2775 13
-0.3478 0.9572 0.1687 -0.5104 14
-0.3705 0.9515 0.2220 -0.3128 19
-0.4354 0.9688 0.1632 -0.2707 13
-0.3529 0.9691 0.1633 -0.0095 17
-0.4249 0.9575 0.1736 -0.3326 15
-0.2881 0.9633 0.1805 -0.3421 17
-0.4294 0.9498 0.2074 -0.3784 14
-0.4496 0.9626 0.1732 -0.2196 10
-0.3824 0.9650 0.1539 -0.3100 11
-0.4688 0.9571 0.1705 -0.4264 8
-0.3319 0.9521 0.1884 -0.2812 21
-0.3758 0.9399 0.2296 -0.3409 23
-0.3192 0.9537 0.2136 -0.4111 40
-0.4797 0.9638 0.1721 -0.2776 11
-0.4365 0.9570 0.1796 -0.1843 13
-0.4268 0.9751 0.1199 -0.1731 12
-0.3472 0.9635 0.1822 -0.2372 15
-0.4270 0.9330 0.2536 -0.2339 20
-0.3639 0.9563 0.2165 -0.2552 16
-0.4566 0.9770 0.1300 -0.3324 10
-0.4496 0.9766 0.1248 -0.2530 11
-0.2966 0.9301 0.2272 -0.2107 25
-0.3809 0.9449 0.2180 -0.3468 11
-0.4145 0.9649 0.1545 -0.3549 8
-0.4818 0.9638 0.1631 -0.2558 9
-0.3451 0.9709 0.1607 -0.2406 11
-0.3638 0.9592 0.1795 -0.3917 17
-0.3336 0.9708 0.1503 -0.2602 12
-0.4120 0.9683 0.1753 -0.2945 16
-0.3933 0.9535 0.2017 -0.3521 15
-0.3669 0.9489 0.2193 -0.3477 13
-0.5093 0.9634 0.1443 -0.3581 12
-0.2920 0.9656 0.1870 -0.3282 33
-0.2415 0.9621 0.1818 -0.2949 28
-0.3714 0.9407 0.2237 -0.2865 15
-0.3272 0.9359 0.2187 -0.4412 22
-0.4156 0.9569 0.1806 -0.3984 13
-0.2533 0.9583 0.1747 -0.3916 38
-0.4117 0.9629 0.1691 -0.1561 13
-0.4004 0.9644 0.1642 -0.3138 12
-0.3411 0.9663 0.1465 -0.3139 15
-0.3295 0.9677 0.1683 -0.2884 17
-0.4466 0.9659 0.1503 -0.1503 9
-0.3758 0.9646 0.1858 -0.4803 14
-0.4416 0.9664 0.1659 -0.3138 13
-0.3492 0.9527 0.1913 -0.3282 20
-0.3929 0.9526 0.1764 -0.2544 12
-0.4214 0.9330 0.2045 -0.4268 11
-0.3607 0.9670 0.1549 -0.3156 16
-0.4449 0.9780 0.1242 -0.2513 9
-0.4895 0.9663 0.1573 -0.4397 9
-0.3287 0.9571 0.1765 -0.3809 13
-0.4259 0.9610 0.1657 -0.1764 11
-0.4969 0.9645 0.1518 -0.2193 7
-0.4837 0.9622 0.1657 -0.4105 10
-0.3450 0.9780 0.1218 -0.0908 16
-0.3515 0.9707 0.1443 -0.3372 13
-0.4851 0.9709 0.1547 -0.3576 9
-0.2701 0.9618 0.1878 -0.2842 28
-0.3510 0.9714 0.1370 -0.1493 12
-0.3373 0.9646 0.1517 -0.3319 13
-0.3940 0.9716 0.1554 -0.2277 21
-0.4063 0.9693 0.1608 -0.2679 12
-0.3722 0.9660 0.1689 -0.3680 14
-0.3753 0.9680 0.1677 -0.3453 20
-0.3908 0.9604 0.1695 -0.3771 9
-0.3479 0.9692 0.1537 -0.2451 22
-0.4043 0.9534 0.1768 -0.3856 12
-0.3582 0.9764 0.1294 -0.2021 11
-0.3352 0.9654 0.1506 -0.1788 14
-0.2958 0.9687 0.1360 -0.1855 19
-0.4348 0.9580 0.1879 -0.3318 13
-0.3972 0.9641 0.1564 -0.4401 10
-0.3317 0.9657 0.1658 -0.4112 15
-0.3574 0.9643 0.1745 -0.1922 29
-0.4183 0.9676 0.1437 -0.4094 14
-0.3487 0.9626 0.1818 -0.2960 12
-0.3822 0.9767 0.1341 -0.3868 9
-0.2690 0.9561 0.1882 -0.3068 25
-0.4025 0.9607 0.1521 -0.3868 10
-0.3957 0.9593 0.1636 -0.3957 11
-0.3763 0.9696 0.1555 -0.2694 14
-0.3803 0.9638 0.1897 -0.5271 11
-0.2957 0.9720 0.1478 -0.2522 20
-0.4479 0.9704 0.1454 -0.1324 9
-0.4215 0.9752 0.1388 -0.5049 8
-0.3597 0.9510 0.2240 -0.2333 14
-0.3167 0.9706 0.1739 -0.2159 17
-0.4761 0.9744 0.1525 -0.4338 12
-0.4213 0.9680 0.1538 -0.1948 11
-0.3583 0.9683 0.1762 -0.2998 12
-0.4814 0.9596 0.1617 -0.3412 12
-0.3666 0.9351 0.2326 -0.4605 26
-0.3807 0.9551 0.1973 -0.3081 18
-0.3263 0.9487 0.1840 -0.4084 12
-0.3270 0.9743 0.1282 -0.3579 15
-0.4039 0.9789 0.1255 -0.0961 9
-0.4156 0.9554 0.1870 -0.2495 12
-0.4185 0.9561 0.1752 -0.3117 8
-0.3856 0.9546 0.1691 -0.3853 14
-0.2964 0.9678 0.1620 -0.3403 22
-0.3444 0.9682 0.1560 -0.2013 21
-0.4415 0.9572 0.1814 -0.2297 11
-0.3367 0.9343 0.2417 -0.4973 14
-0.3657 0.9829 0.1251 -0.4148 12
-0.4498 0.9673 0.1492 -0.3415 9
-0.4862 0.9758 0.1317 -0.4467 10
-0.4852 0.9734 0.1458 -0.2002 8
-0.3903 0.9524 0.1809 -0.2699 17
-0.4093 0.9693 0.1632 -0.1705 12
-0.3772 0.9596 0.1641 -0.1243 12
-0.3987 0.9521 0.1884 -0.3856 15
-0.2617 0.9614 0.1736 -0.2553 31
-0.3079 0.9699 0.1410 -0.2712 19
-0.4695 0.9510 0.1646 -0.2401 9
-0.4384 0.9611 0.1570 -0.4254 9
-0.4164 0.9623 0.1823 -0.3519 11
-0.4165 0.9689 0.1436 -0.1835 8
-0.4791 0.9704 0.1729 -0.3210 13
-0.3806 0.9575 0.1864 -0.3977 14
-0.3400 0.9725 0.1416 -0.3241 13
-0.3489 0.9545 0.1768 -0.1696 14
-0.3899 0.9549 0.2036 -0.1866 17
-0.2967 0.9630 0.1693 -0.2563 27
-0.4892 0.9660 0.1564 -0.4580 7
-0.4958 0.9648 0.1559 -0.1450 8
-0.2936 0.9324 0.2264 -0.4139 20
-0.3611 0.9550 0.1888 -0.3156 25
-0.3688 0.9331 0.2547 -0.2164 25
-0.4343 0.9423 0.2181 -0.4578 10
-0.4089 0.9555 0.1915 -0.3801 11
-0.4261 0.9482 0.1793 -0.4356 14
-0.3295 0.9678 0.1663 -0.3052 11
-0.5043 0.9769 0.1462 -0.4703 9
-0.3214 0.9744 0.1316 -0.3892 14
-0.4695 0.9748 0.1773 -0.4072 8
-0.3264 0.9703 0.1619 -0.2954 20
-0.3840 0.9603 0.1556 -0.2792 11
-0.2951 0.9756 0.1321 -0.4911 15
-0.3664 0.9676 0.1632 -0.2911 11
-0.3385 0.9559 0.1723 -0.2211 15
-0.3917 0.9662 0.1701 -0.3623 10
-0.4748 0.9605 0.1784 -0.3093 10
-0.4571 0.9452 0.2102 -0.3652 13
-0.3768 0.9549 0.2143 -0.3776 16
-0.2384 0.9522 0.2077 -0.3735 32
-0.4207 0.9681 0.1634 -0.2743 13
-0.3413 0.9677 0.1619 -0.4377 15
-0.3866 0.9736 0.1410 -0.4537 12
-0.3670 0.9458 0.2154 -0.3702 18
-0.4342 0.9570 0.1535 -0.1885 10
-0.3432 0.9625 0.1664 -0.3275 12
-0.4163 0.9566 0.1943 -0.4684 16
-0.3438 0.9575 0.1665 -0.3170 18
-0.4197 0.9644 0.1565 -0.5063 10
-0.3869 0.9662 0.1592 -0.3434 9
-0.4111 0.9662 0.1751 -0.2592 14
-0.4204 0.9683 0.1500 -0.2136 15
-0.3903 0.9545 0.2011 -0.4647 20
-0.3470 0.9473 0.2184 -0.5128 19
-0.3069 0.9500 0.1877 -0.3012 38
-0.3237 0.9721 0.1461 -0.4478 19
-0.3502 0.9366 0.2048 -0.1557 14
-0.5211 0.9691 0.1476 -0.1671 8
-0.4409 0.9597 0.1903 -0.1541 12
-0.4783 0.9687 0.1531 -0.2574 11
-0.4233 0.9647 0.1633 -0.4273 13
-0.4539 0.9695 0.1455 -0.1823 11
-0.3668 0.9775 0.1357 -0.1687 11
-0.3702 0.9689 0.1606 -0.2947 12
-0.5112 0.9538 0.1691 -0.3146 9
-0.4244 0.9604 0.1832 -0.3303 11
-0.4053 0.9765 0.1245 -0.3031 10
-0.3026 0.9578 0.1895 -0.2992 38
-0.3167 0.9691 0.1646 -0.3585 24
-0.2994 0.9510 0.2042 -0.4537 25
-0.3633 0.9484 0.2318 -0.2742 19
-0.3865 0.9568 0.1780 -0.2958 12
-0.4506 0.9731 0.1573 -0.3241 11
-0.4015 0.9586 0.1669 -0.2649 12
-0.4277 0.9668 0.1663 -0.3331 14
-0.3941 0.9593 0.1798 -0.2302 19
-0.3488 0.9695 0.1539 -0.2674 13
-0.4597 0.9659 0.1601 -0.2673 11
-0.4699 0.9626 0.1650 -0.3220 14
-0.4503 0.9670 0.1474 -0.3251 8
-0.4022 0.9483 0.1980 -0.3092 11
-0.3827 0.9641 0.1682 -0.3795 9
-0.2830 0.9623 0.1697 -0.3815 25
-0.3505 0.9698 0.1592 -0.2074 18
-0.4493 0.9654 0.1688 -0.3219 11
-0.4149 0.9666 0.1539 -0.3083 13
-0.3494 0.9651 0.1555 -0.4384 12
-0.3866 0.9714 0.1392 -0.1031 9
-0.2984 0.9638 0.1602 -0.1743 17
-0.4452 0.9661 0.1621 -0.4237 12
-0.4033 0.9615 0.1628 -0.2636 14
-0.3633 0.9622 0.1541 -0.3504 19
-0.3869 0.9623 0.1769 -0.3671 12
-0.3683 0.9706 0.1485 -0.2807 18
-0.3694 0.9682 0.1527 -0.1400 17
-0.4110 0.9607 0.1573 -0.2430 10
-0.4085 0.9761 0.1266 -0.4012 10
-0.4593 0.9316 0.2108 -0.4895 12
-0.3830 0.9409 0.2187 -0.3436 10
-0.3379 0.9581 0.2042 -0.2400 18
-0.3732 0.9644 0.1494 -0.2781 11
-0.3866 0.9474 0.1913 -0.2656 11
-0.3864 0.9599 0.1905 -0.2396 9
-0.5174 0.9716 0.1454 -0.2254 9
-0.3318 0.9593 0.1559 -0.4711 12
-0.4313 0.9562 0.1857 -0.4226 11
-0.3911 0.9505 0.2099 -0.2058 18
-0.3672 0.9695 0.1596 -0.2154 16
-0.3902 0.9480 0.2029 -0.4110 11
-0.4364 0.9632 0.1624 -0.2631 13
-0.3278 0.9466 0.1952 -0.2622 22
-0.4091 0.9597 0.1661 -0.1253 9
-0.3514 0.9436 0.2201 -0.3311 14
-0.4219 0.9648 0.1681 -0.3839 12
-0.4336 0.9481 0.1829 -0.2615 10
-0.4395 0.9639 0.1676 -0.4220 10
-0.3893 0.9494 0.1760 -0.3601 11
-0.4196 0.9675 0.1692 -0.1995 15
-0.3693 0.9604 0.1783 -0.0751 13
-0.4002 0.9499 0.1625 -0.2755 9
-0.3562 0.9658 0.1637 -0.3105 12
-0.3141 0.9425 0.2206 -0.6278 19
-0.3182 0.9683 0.1504 -0.3068 14
-0.3631 0.9652 0.1635 -0.1962 20
-0.3992 0.9695 0.1636 -0.3010 12
-0.3241 0.9539 0.1868 -0.3311 18
-0.4415 0.9518 0.1834 -0.1993 8
-0.3085 0.9768 0.1366 -0.2090 14
-0.3669 0.9645 0.1755 -0.2743 12
-0.4625 0.9628 0.1786 -0.2526 8
-0.4816 0.9605 0.1862 -0.1712 8
-0.4033 0.9512 0.1703 -0.3137 11
-0.3404 0.9397 0.2013 -0.2705 14
-0.4411 0.9381 0.2187 -0.3772 8
-0.4016 0.9815 0.1204 -0.4983 9
-0.3385 0.9644 0.1608 -0.3020 18
-0.4717 0.9597 0.1641 -0.2002 8
-0.4218 0.9475 0.2039 -0.3283 11
-0.4383 0.9754 0.1286 -0.3135 9
-0.3960 0.9640 0.1647 -0.4739 13
-0.3308 0.9605 0.1741 -0.2428 18
-0.4026 0.9627 0.1598 -0.2170 10
-0.3425 0.9513 0.2050 -0.3191 15
-0.4634 0.9637 0.1640 -0.2299 10
-0.4261 0.9584 0.1623 -0.2837 10
-0.3294 0.9684 0.1587 -0.3797 13
-0.3666 0.9434 0.2108 -0.3042 17
-0.3849 0.9717 0.1386 -0.2306 8
-0.3760 0.9506 0.2043 -0.2378 12
-0.4752 0.9734 0.1453 -0.4758 9
-0.3387 0.9387 0.2300 -0.2958 18
-0.4879 0.9606 0.1628 -0.2335 10
-0.3607 0.9575 0.1883 -0.3295 13
-0.4419 0.9721 0.1394 -0.2254 10
-0.3999 0.9683 0.1587 -0.2034 11
-0.3453 0.9657 0.1589 -0.2594 24
-0.3368 0.9662 0.1542 -0.1556 17
-0.3855 0.9684 0.1733 -0.2199 15
-0.5332 0.9564 0.1816 -0.2640 9
-0.3513 0.9601 0.2066 -0.1570 13
-0.2937 0.9586 0.1823 -0.3048 15
-0.4665 0.9632 0.1768 -0.3334 9
-0.3672 0.9361 0.2117 -0.2738 16
-0.4902 0.9606 0.1631 -0.3283 8
-0.4200 0.9623 0.1743 -0.4756 9
-0.3513 0.9711 0.1495 -0.2884 14
-0.3635 0.9546 0.1747 -0.3373 16
-0.4637 0.9640 0.1641 -0.2956 10
-0.2753 0.9503 0.2001 -0.3142 41
-0.3383 0.9585 0.1836 -0.2007 20
-0.4184 0.9573 0.1820 -0.2415 13
-0.3901 0.9630 0.1646 -0.1675 12
-0.4906 0.9673 0.1430 -0.2177 12
-0.4226 0.9710 0.1421 -0.2898 14
-0.3631 0.9705 0.1504 -0.2470 13
-0.3602 0.9724 0.1523 -0.3076 15
-0.3276 0.9602 0.1670 -0.2434 13
-0.3841 0.9624 0.1492 -0.2431 14
-0.3767 0.9705 0.1466 -0.1591 12
-0.3522 0.9608 0.1613 -0.0996 13
-0.4229 0.9232 0.2364 -0.2307 13
-0.3415 0.9803 0.1200 -0.1380 12
-0.2852 0.9623 0.1726 -0.2051 23
-0.4035 0.9594 0.1755 -0.2951 13
-0.4484 0.9554 0.1684 -0.0668 10
-0.3871 0.9736 0.1557 -0.1615 11
-0.4147 0.9652 0.1625 -0.3570 9
-0.2761 0.9577 0.1782 -0.3826 30
-0.3848 0.9593 0.1997 -0.4754 15
-0.4523 0.9552 0.1878 -0.3709 9
-0.4103 0.9659 0.1767 -0.4356 10
-0.3392 0.9709 0.1578 -0.3800 13
-0.3719 0.9672 0.1828 -0.3036 12
-0.3550 0.9725 0.1419 -0.2623 13
-0.3330 0.9439 0.2227 -0.3116 19
-0.4024 0.9483 0.1966 -0.2004 16
-0.4073 0.9736 0.1454 -0.3979 10
-0.3848 0.9660 0.1674 -0.3533 19
-0.4013 0.9758 0.1263 -0.2786 7
-0.3696 0.9566 0.1591 -0.2498 13
-0.3458 0.9601 0.1900 -0.4330 19
-0.3440 0.9665 0.1623 -0.3061 18
-0.4707 0.9641 0.1569 -0.3055 10
-0.3544 0.9629 0.1826 -0.1876 14
-0.4311 0.9758 0.1326 -0.2372 9
-0.3879 0.9507 0.1660 -0.2359 12
-0.4942 0.9748 0.1216 -0.2144 6
-0.3808 0.9620 0.1577 -0.2590 11
-0.4193 0.9629 0.1567 -0.3212 10
-0.3487 0.9616 0.1582 -0.3371 14
-0.3409 0.9580 0.1886 -0.2857 19
-0.3820 0.9718 0.1460 -0.2167 18
-0.3910 0.9574 0.1749 -0.4166 15
-0.4105 0.9666 0.1568 -0.3866 9
-0.3485 0.9678 0.1551 -0.3661 16
-0.2793 0.9495 0.1836 -0.4264 25
-0.3815 0.9309 0.2569 -0.3118 16
-0.4169 0.9569 0.1787 -0.2197 12
-0.5038 0.9676 0.1532 -0.3472 9
-0.4740 0.9724 0.1536 -0.3686 8
-0.3406 0.9467 0.2141 -0.3751 20
-0.4153 0.9709 0.1359 -0.2471 14
-0.3264 0.9757 0.1314 -0.2179 28
-0.3710 0.9540 0.1974 -0.3501 13
-0.3535 0.9619 0.1744 -0.4271 12
-0.4158 0.9650 0.1561 -0.0956 12
-0.4050 0.9495 0.1866 -0.3173 16
-0.4125 0.9774 0.1243 -0.4839 10
-0.4339 0.9666 0.1561 -0.3383 11
-0.4280 0.9712 0.1505 -0.0140 11
-0.4974 0.9546 0.1927 -0.5168 11
-0.3326 0.9740 0.1337 -0.3368 10
-0.4001 0.9614 0.1641 -0.3397 12
-0.3919 0.9620 0.1588 -0.2801 10
-0.2994 0.9489 0.2407 -0.3355 19
-0.3504 0.9700 0.1608 -0.3312 17
-0.4272 0.9735 0.1451 -0.0486 11
-0.3734 0.9446 0.1926 -0.1908 11
-0.4019 0.9642 0.1917 -0.4273 10
-0.4963 0.9555 0.1627 -0.1471 9
-0.3221 0.9603 0.1750 -0.2277 23
-0.5054 0.9677 0.1674 -0.3890 9
-0.3865 0.9651 0.1582 -0.2107 29
-0.4159 0.9590 0.2018 -0.3513 16
-0.4213 0.9666 0.1628 -0.3677 14
-0.4240 0.9550 0.1812 -0.2735 18
-0.4249 0.9681 0.1546 -0.4558 11
-0.4370 0.9547 0.1853 -0.3651 11
-0.4394 0.9642 0.1793 -0.2794 12
-0.3953 0.9623 0.1659 -0.2366 11
-0.5084 0.9737 0.1217 -0.1230 8
-0.3318 0.9582 0.1914 -0.2801 21
-0.4556 0.9668 0.1558 -0.2920 10
-0.5476 0.9742 0.1479 -0.2504 8
-0.3959 0.9365 0.2397 -0.2820 13
-0.3530 0.9438 0.2097 -0.1414 31
-0.3002 0.9644 0.1814 -0.3801 16
-0.3728 0.9704 0.1644 -0.2228 20
-0.4715 0.9427 0.2113 -0.4418 10
-0.3539 0.9630 0.1725 -0.2987 20
-0.3175 0.9542 0.2288 -0.4473 20
-0.3604 0.9651 0.1671 -0.2587 11
-0.3136 0.9379 0.2085 -0.2801 25
-0.3423 0.9535 0.1666 -0.3086 14
-0.3830 0.9514 0.1797 -0.3640 18
-0.3893 0.9649 0.1506 -0.2727 14
-0.4169 0.9602 0.1678 -0.2759 10
-0.3535 0.9668 0.1445 -0.2621 15
-0.3328 0.9709 0.1401 -0.3036 15
-0.3860 0.9586 0.1791 -0.3728 13
-0.3624 0.9673 0.1575 -0.2717 15
-0.4041 0.9662 0.1754 -0.1699 12
-0.3452 0.9576 0.1858 -0.2934 17
-0.4482 0.9545 0.2054 -0.3224 12
-0.4345 0.9713 0.1575 -0.1214 12
-0.4085 0.9682 0.1522 -0.2622 17
-0.3985 0.9720 0.1511 -0.1329 19
-0.3583 0.9547 0.2015 -0.2415 24
-0.4546 0.9646 0.1677 -0.4113 9
-0.3536 0.9610 0.1625 -0.2988 14
-0.4059 0.9671 0.1788 -0.3549 12
-0.3169 0.9609 0.1631 -0.2885 16
-0.3577 0.9437 0.2142 -0.3457 15
-0.5044 0.9584 0.1697 -0.2106 8
-0.3650 0.9668 0.1474 -0.2622 13
-0.3364 0.9641 0.1648 -0.2889 15
-0.3495 0.9463 0.1989 -0.2444 17
-0.3500 0.9610 0.1836 -0.1261 36
-0.4320 0.9525 0.1912 -0.4329 8
-0.3281 0.9638 0.1642 -0.3280 19
-0.2137 0.9670 0.1715 -0.4563 25
-0.3487 0.9582 0.1718 -0.3049 16
-0.2924 0.9524 0.1845 -0.3391 21
-0.4220 0.9556 0.1962 -0.4568 12
-0.4338 0.9650 0.1581 -0.2792 13
-0.3712 0.9392 0.2363 -0.2959 20
-0.3757 0.9527 0.1802 -0.1682 11
-0.3502 0.9491 0.1927 -0.1374 18
-0.4669 0.9574 0.2146 -0.3940 13
-0.4261 0.9724 0.1368 -0.2903 10
-0.4738 0.9655 0.1584 -0.2355 11
-0.2899 0.9642 0.1854 -0.4154 33
-0.3898 0.9571 0.1870 -0.3125 11
-0.3609 0.9447 0.2020 -0.3010 19
-0.3383 0.9635 0.1619 -0.3531 12
-0.3896 0.9711 0.1639 -0.2963 10
-0.2922 0.9599 0.1804 -0.3360 18
-0.5113 0.9674 0.1507 -0.3582 8
-0.3530 0.9628 0.1757 -0.3213 19
-0.4377 0.9691 0.1515 -0.0774 9
-0.3560 0.9681 0.1663 -0.1650 15
-0.3903 0.9596 0.1502 -0.2196 13
-0.2962 0.9322 0.2190 -0.3866 30
-0.3096 0.9510 0.1997 -0.3079 17
-0.4448 0.9519 0.1944 -0.3295 10
-0.3834 0.9653 0.1596 -0.1821 18
-0.4937 0.9531 0.1957 -0.2634 8
-0.3173 0.9688 0.1358 -0.3288 15
-0.5027 0.9571 0.1717 -0.2358 10
-0.3246 0.9625 0.1991 -0.2272 26
-0.4672 0.9767 0.1397 -0.2658 9
-0.5001 0.9720 0.1395 -0.3260 8
-0.4290 0.9601 0.1762 -0.3059 12
-0.3617 0.9608 0.1817 -0.2997 18
-0.3777 0.9498 0.1805 -0.3521 14
-0.3531 0.9368 0.2351 -0.2709 18
-0.3856 0.9682 0.1619 -0.3946 11
-0.3343 0.9278 0.2485 -0.3118 22
-0.5002 0.9741 0.1443 -0.3280 8
-0.3546 0.9756 0.1417 -0.3123 17
-0.3603 0.9593 0.1669 -0.3056 17
-0.4611 0.9712 0.1381 -0.2220 12
-0.3539 0.9663 0.1497 -0.1959 10
-0.4364 0.9528 0.1929 -0.2695 14
-0.4243 0.9526 0.1984 -0.2854 12
-0.4084 0.9437 0.2191 -0.2448 13
-0.3435 0.9692 0.1702 -0.4492 14
-0.4153 0.9608 0.1756 -0.3994 14
-0.3440 0.9449 0.1855 -0.2283 19
-0.4415 0.9690 0.1386 -0.4276 10
-0.3616 0.9471 0.1712 -0.3808 12
-0.4412 0.9720 0.1360 -0.1679 8
-0.3962 0.9618 0.1676 -0.3752 10
-0.3928 0.9752 0.1211 -0.2337 8
-0.3004 0.9679 0.1637 -0.2362 15
-0.3961 0.9492 0.2183 -0.3103 17
-0.3889 0.9603 0.1811 -0.2218 14
-0.3717 0.9654 0.1483 -0.2855 11
-0.4425 0.9581 0.1742 -0.3318 11
-0.3263 0.9589 0.1650 -0.1961 16
-0.3587 0.9581 0.1681 -0.4131 17
-0.4839 0.9595 0.1594 -0.2063 9
-0.2512 0.9680 0.1729 -0.3242 35
-0.3445 0.9637 0.1731 -0.2643 11
-0.4223 0.9568 0.1789 -0.3295 13
-0.4106 0.9702 0.1480 -0.3560 19
-0.4538 0.9621 0.1830 -0.4185 17
-0.3704 0.9663 0.1632 -0.3980 10
-0.4532 0.9445 0.2148 -0.2173 10
-0.4089 0.9552 0.1753 -0.3414 13
-0.4200 0.9619 0.1686 -0.3257 12
-0.4124 0.9472 0.1830 -0.1708 14
-0.4147 0.9598 0.1609 -0.4169 14
-0.3208 0.9762 0.1359 -0.2848 16
-0.3928 0.9646 0.1529 -0.3697 12
-0.2460 0.9751 0.1501 -0.3141 28
-0.2751 0.9544 0.1808 -0.3846 12
-0.3349 0.9353 0.2280 -0.3818 13
-0.3805 0.9667 0.1518 -0.3854 17
-0.3789 0.9512 0.1881 -0.4147 11
-0.4177 0.9682 0.1589 -0.2115 11
-0.3992 0.9701 0.1565 -0.2986 12
-0.3798 0.9674 0.1613 -0.2833 13
-0.4059 0.9364 0.2165 -0.2773 12
-0.3641 0.9582 0.1879 -0.3389 12
-0.3900 0.9667 0.1583 -0.2002 13
-0.3516 0.9686 0.1721 -0.3543 17
-0.3449 0.9649 0.1639 -0.2550 16
-0.4225 0.9589 0.1791 -0.2770 12
-0.4633 0.9771 0.1329 -0.3807 8
-0.4251 0.9691 0.1440 -0.2153 12
-0.3456 0.9504 0.2094 -0.4304 17
-0.4785 0.9555 0.1628 -0.2922 8
-0.3780 0.9605 0.1775 -0.3335 15
-0.4783 0.9566 0.1893 -0.4332 13
-0.2708 0.9597 0.1641 -0.1941 20
-0.3041 0.9544 0.1842 -0.3650 27
-0.3827 0.9367 0.2168 -0.2572 13
-0.4467 0.9669 0.1727 -0.1956 12
-0.2469 0.9673 0.1719 -0.2011 43
-0.3917 0.9675 0.1520 -0.2556 11
-0.2943 0.9616 0.1642 -0.2166 18
-0.3312 0.9503 0.2107 -0.3389 13
-0.4087 0.9600 0.1856 -0.3387 12
-0.3569 0.9527 0.1983 -0.3307 12
-0.3237 0.9503 0.2091 -0.4141 21
-0.4172 0.9777 0.1425 -0.1473 10
-0.3852 0.9647 0.1663 -0.1524 12
-0.3414 0.9640 0.1626 -0.2578 12
-0.3868 0.9560 0.1722 -0.4417 13
-0.3999 0.9656 0.1708 -0.3015 12
-0.3849 0.9578 0.1892 -0.2144 13
-0.3453 0.9701 0.1549 -0.4543 17
-0.3332 0.9616 0.1725 -0.1268 19
-0.2765 0.9595 0.1694 -0.1887 17
-0.3640 0.9546 0.1869 -0.1982 13
-0.4190 0.9613 0.1702 -0.2224 11
-0.4615 0.9581 0.1700 -0.3602 12
-0.2781 0.9609 0.1719 -0.3885 15
-0.3480 0.9514 0.1900 -0.4234 42
-0.2998 0.9710 0.1605 -0.3226 17
-0.5326 0.9654 0.1467 -0.1919 7
-0.3928 0.9311 0.2238 -0.2678 14
-0.3090 0.9644 0.1814 -0.4415 18
-0.4850 0.9690 0.1789 -0.4493 11
-0.4619 0.9760 0.1355 -0.2895 9
-0.4805 0.9656 0.1802 -0.3425 14
-0.4075 0.9652 0.1664 -0.2364 8
-0.3398 0.9468 0.1935 -0.5029 18
-0.3632 0.9736 0.1348 -0.2366 10
-0.5021 0.9622 0.1721 -0.5271 8
-0.4390 0.9640 0.1591 -0.3170 10
-0.3219 0.9578 0.1773 -0.2867 24
-0.4897 0.9647 0.1522 -0.2741 11
-0.4208 0.9690 0.1395 -0.3081 9
-0.3706 0.9793 0.1331 -0.1973 12
-0.3267 0.9589 0.1684 -0.2831 24
-0.4132 0.9538 0.2025 -0.4576 10
-0.4163 0.9647 0.1767 -0.5064 12
-0.5221 0.9707 0.1490 -0.5380 7
-0.4568 0.9603 0.1728 -0.2960 9
-0.3459 0.9724 0.1445 -0.2874 11
-0.3155 0.9725 0.1490 -0.4132 13
-0.4863 0.9683 0.1298 -0.2340 9
-0.3317 0.9572 0.1879 -0.3477 21
-0.4391 0.9728 0.1492 -0.3444 11
-0.3926 0.9381 0.2154 -0.3032 11
-0.4562 0.9706 0.1398 -0.2488 9
-0.4425 0.9637 0.1659 -0.3417 11
-0.3528 0.9691 0.1817 -0.3355 13
-0.3715 0.9734 0.1496 -0.3605 11
-0.4338 0.9748 0.1500 -0.3568 10
-0.4028 0.9494 0.1893 -0.3993 10
-0.3447 0.9440 0.2350 -0.1956 31
-0.5337 0.9643 0.1663 -0.2894 9
-0.3811 0.9468 0.2227 -0.3149 18
-0.2860 0.9431 0.2091 -0.3292 14
-0.4319 0.9652 0.1605 -0.3206 10
-0.4738 0.9743 0.1377 -0.4644 11
-0.4022 0.9660 0.1390 -0.3538 11
-0.4129 0.9638 0.1698 -0.1863 13
-0.4260 0.9653 0.1616 -0.2325 14
-0.3499 0.9639 0.1581 -0.2840 11
-0.4728 0.9774 0.1302 -0.2359 8
-0.3470 0.9466 0.2122 -0.2893 24
-0.4050 0.9584 0.1499 -0.2503 11
-0.3813 0.9635 0.1769 -0.2525 16
-0.3841 0.9631 0.1587 -0.3046 10
-0.3122 0.9648 0.1682 -0.2793 20
-0.4020 0.9665 0.1668 -0.2190 11
-0.3237 0.9510 0.2202 -0.3219 34
-0.3695 0.9772 0.1333 -0.2920 11
-0.4441 0.9777 0.1232 -0.3805 11
-0.4187 0.9579 0.1567 -0.3352 12
-0.4529 0.9742 0.1463 -0.2930 11
-0.2720 0.9585 0.1630 -0.2037 18
-0.4530 0.9579 0.1858 -0.2927 10
-0.3746 0.9565 0.1834 -0.3866 29
-0.4514 0.9640 0.1552 -0.2922 9
-0.3240 0.9536 0.2013 -0.1688 49
-0.3793 0.9496 0.1866 -0.2518 13
-0.4319 0.9652 0.1737 -0.2772 9
-0.4195 0.9692 0.1596 -0.5211 11
-0.3737 0.9637 0.1728 -0.2398 13
-0.4011 0.9585 0.1755 -0.2807 13
-0.4255 0.9806 0.1204 -0.3449 8
-0.3618 0.9726 0.1364 -0.2251 15
-0.3228 0.9684 0.1622 -0.3289 18
-0.3209 0.9661 0.1860 -0.3514 17
-0.3082 0.9520 0.1955 -0.3531 18
-0.3914 0.9519 0.1880 -0.2596 12
-0.3680 0.9647 0.1639 -0.3709 18
-0.4053 0.9623 0.1886 -0.3819 16
-0.3835 0.9656 0.1580 -0.4274 9
-0.3669 0.9574 0.1816 -0.2775 14
-0.4405 0.9280 0.2115 -0.3976 11
-0.3997 0.9585 0.1971 -0.3533 10
-0.4381 0.9677 0.1568 -0.2252 9
-0.4276 0.9682 0.1414 -0.2545 11
-0.4473 0.9723 0.1401 -0.1607 12
-0.3299 0.9500 0.2027 -0.2801 23
-0.3835 0.9586 0.1710 -0.2541 13
-0.3410 0.9634 0.1671 -0.3497 14
-0.3550 0.9696 0.1545 -0.4367 14
-0.5073 0.9572 0.1813 -0.2766 9
-0.4473 0.9756 0.1716 -0.3939 8
-0.4857 0.9484 0.1931 -0.3685 9
-0.3998 0.9698 0.1539 -0.4667 9
-0.3142 0.9492 0.2213 -0.3158 19
-0.3361 0.9656 0.1594 -0.1950 15
-0.3660 0.9632 0.1727 -0.2887 26
-0.3343 0.9689 0.1676 -0.3956 12
-0.4704 0.9496 0.1862 -0.3037 10
-0.3528 0.9673 0.1303 -0.2823 16
-0.3442 0.9605 0.1520 -0.1766 21
-0.2797 0.9337 0.2080 -0.4111 22
-0.4006 0.9606 0.1667 -0.2637 16
-0.4191 0.9486 0.1725 -0.3358 10
-0.3635 0.9774 0.1407 -0.1278 16
-0.3349 0.9766 0.1268 -0.3052 20
-0.4067 0.9567 0.1938 -0.4298 10
-0.4553 0.9490 0.1938 -0.2829 12
-0.4557 0.9688 0.1625 -0.3736 12
-0.3542 0.9751 0.1361 -0.3675 18
-0.3718 0.9706 0.1750 -0.3155 17
-0.4247 0.9703 0.1469 -0.2702 12
-0.4451 0.9679 0.1614 -0.2791 10
-0.4590 0.9709 0.1542 -0.2554 10
-0.4403 0.9595 0.1778 -0.3141 12
-0.3707 0.9471 0.2118 -0.1800 32
-0.3738 0.9175 0.2458 -0.2362 44
-0.2728 0.9379 0.2455 -0.3040 21
-0.4726 0.9482 0.1613 -0.3213 8
-0.3465 0.9633 0.1573 -0.4294 10
-0.2890 0.9531 0.2035 -0.4673 26
-0.4401 0.9641 0.1573 -0.4406 11
-0.3543 0.9702 0.1607 -0.4328 15
-0.4621 0.9707 0.1221 -0.2781 10
-0.3679 0.9632 0.1794 -0.2405 19
-0.4395 0.9731 0.1486 -0.3234 10
-0.3726 0.9555 0.1928 -0.5060 17
-0.4518 0.9630 0.1848 -0.2717 16
-0.4505 0.9548 0.1788 -0.0930 11
-0.2728 0.9686 0.1782 -0.2752 37
-0.3543 0.9532 0.2042 -0.0349 20
-0.4042 0.9600 0.1911 -0.3131 14
-0.3601 0.9441 0.1825 -0.4221 13
-0.3260 0.9532 0.1971 -0.3604 25
-0.3148 0.9662 0.1727 -0.3914 19
-0.3944 0.9446 0.2067 -0.3969 14
-0.3044 0.9640 0.1794 -0.2240 18
-0.4885 0.9731 0.1497 -0.0729 9
-0.3491 0.9771 0.1269 -0.3192 11
-0.3846 0.9661 0.1681 -0.3385 13
-0.4532 0.9599 0.1710 -0.3202 9
-0.3777 0.9500 0.2204 -0.2636 21
-0.5067 0.9611 0.1560 -0.3194 8
-0.3803 0.9637 0.1648 -0.3569 12
-0.3331 0.9659 0.1554 -0.2379 13
-0.3990 0.9692 0.1603 -0.2523 9
-0.4154 0.9483 0.2072 -0.4101 19
-0.3124 0.9719 0.1611 -0.1997 32
-0.3323 0.9572 0.1793 -0.3143 22
-0.4034 0.9623 0.1730 -0.2834 14
-0.3848 0.9587 0.1932 -0.4960 22
-0.3564 0.9580 0.1887 -0.4238 20
-0.4481 0.9680 0.1697 -0.4599 11
-0.5095 0.9638 0.1646 -0.3217 8
-0.4223 0.9659 0.1654 -0.2741 12
-0.3420 0.9761 0.1411 -0.2079 19
-0.3620 0.9577 0.1905 -0.3057 22
-0.4599 0.9653 0.1600 -0.3346 12
-0.4348 0.9681 0.1421 -0.3611 10
-0.4538 0.9663 0.1460 -0.3201 10
-0.3555 0.9640 0.1672 -0.2675 29
-0.3247 0.9627 0.1662 -0.2891 17
-0.3747 0.9566 0.1916 -0.1876 24
-0.3048 0.9809 0.1228 -0.4322 16
-0.3352 0.9589 0.1656 -0.2394 17
-0.3899 0.9752 0.1355 -0.2437 12
-0.3028 0.9494 0.2108 -0.3200 39
-0.4402 0.9644 0.1399 -0.2667 8
-0.3780 0.9546 0.1938 -0.3822 11
-0.4610 0.9734 0.1406 -0.2938 11
-0.3930 0.9482 0.2022 -0.2172 10
-0.3085 0.9673 0.1676 -0.2912 19
-0.3918 0.9739 0.1372 -0.2322 13
-0.3735 0.9663 0.1624 -0.2683 14
-0.3731 0.9570 0.1926 -0.3288 13
-0.3570 0.9546 0.1894 -0.2761 11
-0.2935 0.9642 0.1734 -0.3111 34
-0.3815 0.9675 0.1536 -0.3598 10
-0.4145 0.9643 0.1667 -0.3369 11
-0.4040 0.9594 0.1789 -0.4892 11
-0.3821 0.9743 0.1288 -0.3432 13
-0.3701 0.9689 0.1425 -0.1624 12
-0.3132 0.9602 0.1630 -0.3710 22
-0.4300 0.9539 0.1770 -0.3835 10
-0.3530 0.9582 0.1829 -0.3497 23
-0.3591 0.9700 0.1510 -0.1220 22
-0.4413 0.9554 0.1773 -0.2624 11
-0.4368 0.9657 0.1576 -0.4008 10
-0.4460 0.9689 0.1401 -0.3072 10
-0.3481 0.9552 0.1917 -0.3292 14
-0.3697 0.9575 0.1737 -0.2141 13
-0.3712 0.9612 0.1760 -0.2337 24
-0.3589 0.9530 0.1761 -0.2605 9
-0.3219 0.9707 0.1560 -0.1152 21
-0.3251 0.9713 0.1496 -0.2673 15
-0.4269 0.9633 0.1880 -0.2989 14
-0.4227 0.9763 0.1422 -0.3231 13
-0.4362 0.9635 0.1637 -0.1757 10
-0.4155 0.9514 0.1928 -0.2450 11
-0.3800 0.9398 0.2446 -0.4259 31
-0.3387 0.9660 0.1525 -0.2820 17
-0.4200 0.9782 0.1241 -0.1465 11
-0.4077 0.9579 0.1659 -0.3243 12
-0.2787 0.9570 0.1937 -0.3511 16
-0.4174 0.9552 0.1743 -0.3376 11
-0.4591 0.9475 0.1818 -0.3324 11
-0.4252 0.9612 0.1617 -0.3422 10
-0.3117 0.9701 0.1580 -0.3234 16
-0.4409 0.9587 0.1797 -0.1042 11
-0.2983 0.9566 0.1908 -0.2769 21
-0.4725 0.9627 0.1666 -0.3506 7
-0.3548 0.9671 0.1550 -0.1446 14
-0.3080 0.9637 0.1640 -0.3518 27
-0.3697 0.9443 0.1973 -0.3559 13
-0.4038 0.9377 0.1999 -0.3680 11
-0.4554 0.9644 0.1738 -0.3830 10
-0.3588 0.9507 0.1878 -0.2784 10
-0.3377 0.9553 0.1660 -0.3105 14
-0.4310 0.9509 0.2130 -0.6142 11
-0.4180 0.9626 0.1650 -0.1887 11
-0.3362 0.9614 0.1920 -0.3754 22
-0.4388 0.9660 0.1598 -0.3183 11
-0.2972 0.9623 0.1755 -0.1222 30
-0.3887 0.9546 0.1844 -0.3928 11
-0.3226 0.9636 0.1713 -0.2979 9
-0.3825 0.9745 0.1339 -0.1740 11
-0.4567 0.9641 0.1617 -0.3250 9
-0.4412 0.9651 0.1458 -0.1080 9
-0.4148 0.9614 0.1704 -0.4647 10
-0.3478 0.9627 0.1762 -0.4415 17
-0.3548 0.9552 0.2034 -0.4206 14
-0.4224 0.9757 0.1245 -0.3587 11
-0.3764 0.9683 0.1420 -0.2831 12
-0.2952 0.9639 0.1585 -0.3094 22
-0.3581 0.9801 0.1368 -0.3221 9
-0.3632 0.9624 0.1787 -0.3577 12
-0.3044 0.9686 0.1561 -0.4644 15
-0.3857 0.9641 0.1739 -0.2156 15
-0.3645 0.9491 0.2261 -0.3466 16
-0.4836 0.9761 0.1330 -0.2856 9
-0.4610 0.9612 0.1584 -0.4684 10
-0.3157 0.9691 0.1577 -0.3225 20
-0.3555 0.9733 0.1382 -0.1923 15
-0.3470 0.9760 0.1257 -0.2209 17
-0.4259 0.9630 0.1665 -0.3237 12
-0.4260 0.9652 0.1728 -0.2611 10
-0.4092 0.9773 0.1177 -0.2792 12
-0.3917 0.9514 0.1956 -0.2520 15
-0.3304 0.9575 0.1679 -0.3633 15
-0.4153 0.9475 0.1723 -0.4029 11
-0.4757 0.9436 0.1677 -0.5280 7
-0.4578 0.9452 0.1918 -0.3224 8
-0.4030 0.9751 0.1491 -0.3443 12
-0.3410 0.9522 0.1926 -0.2030 15
-0.4021 0.9438 0.2183 -0.3440 13
-0.3693 0.9759 0.1382 -0.3907 10
-0.3656 0.9641 0.1565 -0.3651 12
-0.2900 0.9657 0.1641 -0.3797 12
-0.3932 0.9630 0.1634 -0.4486 11
-0.5250 0.9700 0.1580 -0.3414 8
-0.3488 0.9739 0.1377 -0.4032 16
-0.3692 0.9677 0.1573 -0.2845 12
-0.3549 0.9679 0.1482 -0.2411 10
-0.3641 0.9741 0.1548 -0.4889 10
-0.4864 0.9635 0.1766 -0.2827 10
-0.3981 0.9657 0.1769 -0.2785 10
-0.3662 0.9480 0.1986 -0.2523 13
-0.3456 0.9467 0.2201 -0.3633 25
-0.5003 0.9556 0.1813 -0.1970 8
-0.4824 0.9700 0.1693 -0.2604 7
-0.4546 0.9689 0.1414 -0.2631 10
-0.4844 0.9757 0.1566 -0.2277 10
-0.3338 0.9497 0.2010 -0.1374 32
-0.3711 0.9643 0.1812 -0.4265 14
-0.3969 0.9612 0.1780 -0.4874 11
-0.2912 0.9618 0.1643 -0.2532 37
-0.4031 0.9756 0.1283 -0.3251 10
-0.4934 0.9699 0.1517 -0.3292 7
-0.4118 0.9648 0.1439 -0.1633 11
-0.3359 0.9623 0.1803 -0.3990 26
-0.4266 0.9712 0.1516 -0.2820 10
-0.3785 0.9566 0.1839 -0.3103 13
-0.3547 0.9599 0.1847 -0.1308 17
-0.3726 0.9658 0.1522 -0.3391 11
-0.4106 0.9726 0.1516 -0.1390 11
-0.4343 0.9537 0.1983 -0.2111 11
-0.3158 0.9480 0.2205 -0.3794 40
-0.4621 0.9600 0.1821 -0.3572 9
-0.4353 0.9599 0.1752 -0.3596 9
-0.4504 0.9599 0.1756 -0.0861 12
-0.4686 0.9505 0.1897 -0.4452 10
-0.3487 0.9541 0.1786 -0.4041 15
-0.4480 0.9679 0.1571 -0.3420 12
-0.4121 0.9711 0.1455 -0.3928 11
-0.3831 0.9651 0.1379 -0.3494 12
-0.3158 0.9548 0.1640 -0.4536 34
-0.3480 0.9606 0.1713 -0.3395 15
-0.4025 0.9716 0.1451 -0.2116 9
-0.3173 0.9586 0.1856 -0.2040 27
-0.4109 0.9590 0.1843 -0.3526 13
-0.2981 0.9296 0.2249 -0.2236 25
-0.3854 0.9692 0.1643 -0.3970 30
-0.4460 0.9669 0.1604 -0.3234 11
-0.5210 0.9691 0.1454 -0.0813 6
-0.3474 0.9731 0.1465 -0.3199 16
-0.3743 0.9666 0.1405 -0.4000 13
-0.3860 0.9654 0.1612 -0.1692 13
-0.3862 0.9661 0.1624 -0.1557 12
-0.4001 0.9762 0.1551 -0.4921 16
-0.3128 0.9596 0.1788 -0.4691 19
-0.4190 0.9704 0.1520 -0.3053 11
-0.4768 0.9686 0.1557 -0.4835 9
-0.4437 0.9739 0.1419 -0.2199 8
-0.3898 0.9661 0.1745 -0.4398 15
-0.3895 0.9683 0.1627 -0.4250 13
-0.3704 0.9611 0.1665 -0.3804 13
-0.4036 0.9445 0.1815 -0.3330 20
-0.3656 0.9566 0.1625 -0.2939 15
-0.3869 0.9734 0.1568 -0.3154 12
-0.3874 0.9556 0.1693 -0.3693 12
-0.3463 0.9580 0.1825 -0.2427 14
-0.4404 0.9523 0.1905 -0.1439 10
-0.4592 0.9424 0.2363 -0.3439 12
-0.3489 0.9555 0.1836 -0.4023 12
-0.2864 0.9665 0.1504 -0.4316 34
-0.3092 0.9493 0.1921 -0.2621 33
-0.4031 0.9600 0.1780 -0.3682 16
-0.3906 0.9507 0.2020 -0.3892 12
-0.3050 0.9581 0.1729 -0.2895 27
-0.3394 0.9639 0.1959 -0.3450 18
-0.4725 0.9565 0.1838 -0.3042 10
-0.3663 0.9660 0.1678 -0.3425 13
-0.4563 0.9536 0.1875 -0.2874 10
-0.2673 0.9315 0.2170 -0.3252 29
-0.4075 0.9514 0.2021 -0.3712 12
-0.3659 0.9712 0.1343 -0.0399 9
-0.4296 0.9468 0.2126 -0.2153 10
-0.4717 0.9711 0.1276 -0.4500 9
-0.4045 0.9580 0.1972 -0.2509 10
-0.3613 0.9693 0.1635 -0.2016 15
-0.2941 0.9700 0.1496 -0.2205 15
-0.3735 0.9484 0.1637 -0.3612 13
-0.3840 0.9755 0.1241 -0.3010 10
-0.3943 0.9633 0.1859 -0.4295 19
-0.4016 0.9661 0.1680 -0.2981 10
-0.4106 0.9519 0.1992 -0.2744 11
-0.4201 0.9527 0.1755 -0.2909 13
-0.5360 0.9616 0.1586 -0.2074 6
-0.2193 0.9639 0.1761 -0.2151 21
-0.3677 0.9534 0.1969 -0.3236 11
-0.3861 0.9778 0.1285 -0.2616 17
-0.3586 0.9575 0.1653 -0.4002 12
-0.4464 0.9663 0.1500 -0.2841 9
-0.3567 0.9487 0.1909 -0.2552 17
-0.5392 0.9665 0.1558 -0.2619 7
-0.4031 0.9737 0.1442 -0.2187 15
-0.4119 0.9670 0.1646 -0.2169 13
-0.4169 0.9470 0.2035 -0.4304 10
-0.4089 0.9739 0.1612 -0.2471 8
-0.4353 0.9454 0.2319 -0.4186 12
-0.3512 0.9741 0.1458 -0.3627 12
-0.4908 0.9655 0.1716 -0.3903 8
-0.3885 0.9705 0.1531 -0.1856 14
-0.3866 0.9399 0.2145 -0.3130 13
-0.4445 0.9506 0.1757 -0.2741 11
-0.3647 0.9611 0.1638 -0.2972 21
-0.3818 0.9619 0.1720 -0.2640 14
-0.5416 0.9666 0.1668 -0.3275 9
-0.3857 0.9418 0.2029 -0.3035 14
-0.3242 0.9665 0.1474 -0.3237 16
-0.4087 0.9585 0.1849 -0.3602 13
-0.3589 0.9709 0.1314 -0.2370 13
-0.3658 0.9680 0.1628 -0.5053 13
-0.3613 0.9355 0.2009 -0.3165 12
-0.3693 0.9393 0.2042 -0.2315 15
-0.3613 0.9702 0.1402 -0.3327 14
-0.3232 0.9554 0.1822 -0.2998 22
-0.5139 0.9587 0.1960 -0.2074 9
-0.4430 0.9720 0.1695 -0.5051 15
-0.4359 0.9741 0.1492 -0.4174 13
-0.4146 0.9710 0.1476 -0.2831 12
-0.4666 0.9642 0.1416 -0.2080 13
-0.4757 0.9653 0.1788 -0.1856 9
-0.4155 0.9580 0.2008 -0.2435 16
-0.4930 0.9657 0.1854 -0.3733 9
-0.3338 0.9581 0.1865 -0.3254 20
-0.4103 0.9054 0.2321 -0.2305 11
-0.4056 0.9721 0.1498 -0.2694 11
-0.3197 0.9604 0.1798 -0.2671 31
-0.3888 0.9609 0.1719 -0.2358 17
-0.3055 0.9624 0.1622 -0.2506 19
-0.3153 0.9705 0.1534 -0.3313 13
-0.3973 0.9597 0.1916 -0.2285 13
-0.4284 0.9612 0.1706 -0.1611 12
-0.3761 0.9599 0.1458 -0.3663 11
-0.3721 0.9738 0.1311 -0.3452 12
-0.4205 0.9644 0.1807 -0.2690 12
-0.3274 0.9613 0.1853 -0.2824 14
-0.4259 0.9699 0.1499 -0.3440 10
-0.4039 0.9468 0.2221 -0.4149 15
-0.3461 0.9603 0.1934 -0.4929 16
-0.3364 0.9492 0.1995 -0.2840 24
-0.3606 0.9504 0.1972 -0.4356 10
-0.4043 0.9524 0.1817 -0.3633 10
-0.4254 0.9713 0.1335 -0.1571 14
-0.3137 0.9419 0.1992 -0.2855 15
-0.3705 0.9440 0.1904 -0.2513 11
-0.4989 0.9450 0.1907 -0.4498 10
-0.4507 0.9423 0.2099 -0.3467 12
-0.4398 0.9539 0.1878 -0.3265 10
-0.3607 0.9527 0.1777 -0.2693 14
-0.4143 0.9505 0.2094 -0.3377 15
-0.3811 0.9665 0.1716 -0.0601 14
-0.3102 0.9695 0.1635 -0.3754 18
-0.3642 0.9599 0.1758 -0.4113 9
-0.4334 0.9219 0.2296 -0.2542 12
-0.3640 0.9565 0.1757 -0.2522 12
-0.3718 0.9692 0.1519 -0.2840 13
-0.3928 0.9637 0.1769 -0.2843 12
-0.3894 0.9508 0.1886 -0.2884 14
-0.3688 0.9695 0.1775 -0.4201 13
-0.3253 0.9671 0.1653 -0.2987 13
-0.4151 0.9506 0.2036 -0.4722 13
-0.4221 0.9481 0.2011 -0.2637 14
-0.4089 0.9577 0.1943 -0.1449 11
-0.4362 0.9593 0.1760 -0.4393 8
-0.3675 0.9722 0.1494 -0.3638 12
-0.4514 0.9762 0.1401 -0.3973 13
-0.4187 0.9767 0.1369 -0.2407 14
-0.3611 0.9637 0.1488 -0.3825 17
-0.3901 0.9742 0.1440 -0.2402 10
-0.3958 0.9819 0.1342 -0.4005 10
-0.4703 0.9568 0.1672 -0.2135 10
-0.3649 0.9691 0.1535 -0.4088 20
-0.3867 0.9458 0.1995 -0.1576 13
-0.4473 0.9617 0.1671 -0.1540 13
-0.2998 0.9615 0.1777 -0.3010 14
-0.3868 0.9684 0.1391 -0.2289 9
-0.3458 0.9651 0.1758 -0.2747 18
-0.4212 0.9634 0.1467 -0.2279 12
-0.4600 0.9639 0.1596 -0.5301 10
-0.4297 0.9719 0.1443 -0.3746 19
-0.4976 0.9556 0.1877 -0.2103 11
-0.3568 0.9498 0.2045 -0.4447 13
-0.4442 0.9585 0.1825 -0.4259 13
-0.3278 0.9732 0.1491 -0.2174 15
-0.4144 0.9190 0.2480 -0.3843 12
-0.4960 0.9564 0.1944 -0.3466 10
-0.3814 0.9478 0.1880 -0.2639 10
-0.4368 0.9524 0.2056 -0.3425 9
-0.3960 0.9612 0.1630 -0.2073 10
-0.2422 0.9612 0.1773 -0.4331 19
-0.3754 0.9693 0.1501 -0.3415 10
-0.3902 0.9568 0.1809 -0.2811 10
-0.4349 0.9715 0.1767 -0.5569 12
-0.2541 0.9543 0.1879 -0.3153 39
-0.3727 0.9700 0.1709 -0.3510 14
-0.2938 0.9619 0.1842 -0.3500 23
-0.4885 0.9761 0.1358 -0.2126 9
-0.2760 0.9563 0.1918 -0.3685 22
-0.3429 0.9680 0.1572 -0.3874 15
-0.3603 0.9603 0.1843 -0.3408 22
-0.4004 0.9710 0.1527 -0.2820 14
-0.3189 0.9699 0.1545 -0.5034 16
-0.3864 0.9628 0.1868 -0.3584 19
-0.4102 0.9557 0.1591 -0.1911 11
-0.2844 0.9699 0.1498 -0.4223 28
-0.3601 0.9598 0.1829 -0.4042 15
-0.4277 0.9672 0.1687 -0.3346 10
-0.4281 0.9597 0.1789 -0.3120 13
-0.3017 0.9678 0.1625 -0.4980 19
-0.4243 0.9737 0.1558 -0.4087 8
-0.3834 0.9742 0.1443 -0.5259 13
-0.4654 0.9377 0.2006 -0.1257 14
-0.4636 0.9740 0.1427 -0.2283 10
-0.3576 0.9569 0.1822 -0.3852 10
-0.3725 0.9441 0.2008 -0.3663 13
-0.3468 0.9627 0.1671 -0.3917 20
-0.3162 0.9523 0.2150 -0.2689 24
-0.3115 0.9463 0.2020 -0.2563 37
-0.4029 0.9779 0.1298 -0.3821 14
-0.4386 0.9540 0.1901 -0.2600 10
-0.3736 0.9622 0.1871 -0.2832 16
-0.3565 0.9600 0.1620 -0.3810 14
-0.4799 0.9724 0.1584 -0.4659 10
-0.3130 0.9533 0.1866 -0.2762 17
-0.3254 0.9454 0.2052 -0.2325 22
-0.4494 0.9648 0.1660 -0.3004 7
-0.4837 0.9693 0.1628 -0.1695 9
-0.4059 0.9598 0.1746 -0.3216 9
-0.3936 0.9608 0.1778 -0.3545 16
-0.4606 0.9503 0.1908 -0.3568 10
-0.3070 0.9694 0.1655 -0.1588 18
-0.3446 0.9593 0.1701 -0.4007 13
-0.4018 0.9508 0.2031 -0.4067 15
-0.4767 0.9637 0.1694 -0.2849 11
-0.4074 0.9553 0.1818 -0.4408 15
-0.3448 0.9755 0.1372 -0.0663 12
-0.5127 0.9694 0.1849 -0.3412 11
-0.2416 0.9700 0.1685 -0.3138 30
-0.4448 0.9792 0.1252 -0.2968 9
-0.2839 0.9632 0.1685 -0.1909 31
-0.3775 0.9694 0.1479 -0.3457 14
-0.3644 0.9615 0.1529 -0.5676 15
-0.4954 0.9745 0.1371 -0.2808 7
-0.5275 0.9521 0.1952 -0.4353 8
-0.4552 0.9736 0.1252 -0.3124 10
-0.4624 0.9605 0.1553 -0.2902 9
-0.3859 0.9577 0.1824 -0.4970 13
-0.3417 0.9591 0.1951 -0.3220 22
-0.3069 0.9512 0.1930 -0.3632 15
-0.3658 0.9701 0.1493 -0.3230 15
-0.4413 0.9641 0.1590 -0.3161 11
-0.3738 0.9640 0.1609 -0.3621 12
-0.2815 0.9612 0.1761 -0.4701 29
-0.3845 0.9647 0.1524 -0.2181 13
-0.4002 0.9622 0.1637 -0.3473 10
-0.4400 0.9719 0.1561 -0.3500 11
-0.3573 0.9505 0.2133 -0.3255 19
-0.2823 0.9753 0.1254 -0.1290 19
-0.4073 0.9649 0.1591 -0.1537 15
-0.3407 0.9489 0.1891 -0.0768 37
-0.3909 0.9784 0.1319 -0.2624 10
-0.3289 0.9592 0.1858 -0.4227 24
-0.5047 0.9660 0.1657 -0.3488 8
-0.4060 0.9674 0.1627 -0.1926 16
-0.3686 0.9668 0.1621 -0.1096 10
-0.3067 0.9574 0.1955 -0.3378 26
-0.3187 0.9665 0.1692 -0.3128 42
-0.3859 0.9750 0.1570 -0.4160 10
-0.4379 0.9668 0.1585 -0.2118 11
-0.3882 0.9718 0.1531 -0.4647 20
-0.4394 0.9659 0.1561 -0.1860 10
-0.3866 0.9811 0.1368 -0.3309 10
-0.4317 0.9525 0.1797 -0.2431 13
-0.3347 0.9680 0.1571 -0.1668 22
-0.3072 0.9661 0.1694 -0.2326 13
-0.3851 0.9594 0.1932 -0.4564 21
-0.4426 0.9408 0.2074 -0.1422 12
-0.4043 0.9682 0.1618 -0.3635 10
-0.4381 0.9673 0.1534 -0.2819 15
-0.3628 0.9305 0.2304 -0.3328 20
-0.4239 0.9675 0.1615 -0.4412 14
-0.3350 0.9750 0.1342 -0.3070 11
-0.3335 0.9330 0.2054 -0.2972 23
-0.3899 0.9719 0.1467 -0.1511 15
-0.3576 0.9585 0.1628 -0.3553 13
-0.4557 0.9576 0.1750 -0.2149 9
-0.3433 0.9570 0.1595 -0.1899 16
-0.4978 0.9680 0.1408 -0.3550 7
-0.3759 0.9741 0.1370 -0.1882 11
-0.3736 0.9551 0.1933 -0.1720 10
-0.3915 0.9647 0.1732 -0.3864 12
-0.3646 0.9642 0.1781 -0.2873 14
-0.5521 0.9702 0.1541 -0.4682 9
-0.2780 0.9657 0.1464 -0.2257 20
-0.4709 0.9512 0.1860 -0.2258 12
-0.4126 0.9705 0.1434 -0.2829 15
-0.3491 0.9511 0.1807 -0.3355 12
-0.4591 0.9636 0.1612 -0.3004 10
-0.3749 0.9732 0.1495 -0.2916 13
-0.3699 0.9578 0.1663 -0.2234 10
-0.3696 0.9563 0.1842 -0.3012 17
-0.4114 0.9571 0.2319 -0.4746 14
-0.4352 0.9552 0.1806 -0.2895 12
-0.3726 0.9726 0.1571 -0.4601 11
-0.4735 0.9632 0.1686 -0.1871 11
-0.4240 0.9607 0.1736 -0.3521 13
-0.3955 0.9644 0.1766 -0.2841 12
-0.3630 0.9647 0.1533 -0.4305 12
-0.4131 0.9522 0.1895 -0.3896 12
-0.3766 0.9409 0.2180 -0.2955 14
-0.4532 0.9624 0.1545 -0.1709 9
-0.4079 0.9550 0.1780 -0.4170 11
-0.4521 0.9713 0.1544 -0.1540 11
-0.3603 0.9692 0.1413 -0.4500 10
-0.3638 0.9562 0.2088 -0.1878 15
-0.3844 0.9702 0.1583 -0.2210 13
-0.4262 0.9636 0.1761 -0.2991 12
-0.3518 0.9421 0.1991 -0.3526 19
-0.4225 0.9428 0.1971 -0.1120 12
-0.4830 0.9645 0.1626 -0.1922 8
-0.4818 0.9489 0.1826 -0.3874 10
-0.4487 0.9684 0.1341 -0.2627 14
-0.3561 0.9626 0.1678 -0.2808 16
-0.4220 0.9338 0.2252 -0.2337 11
-0.4626 0.9369 0.2079 -0.1062 9
-0.3760 0.9508 0.1873 -0.4459 14
-0.3811 0.9644 0.1690 -0.3459 17
-0.3812 0.9610 0.1652 -0.3843 14
-0.4507 0.9668 0.1440 -0.3496 8
-0.4284 0.9622 0.1856 -0.0526 11
-0.2886 0.9255 0.2234 -0.3748 48
-0.4575 0.9530 0.1785 -0.1976 9
-0.4141 0.9601 0.1642 -0.2139 10
-0.3803 0.9726 0.1467 -0.2801 15
-0.4582 0.9396 0.2057 -0.3600 7
-0.3011 0.9684 0.1621 -0.3432 21
-0.3902 0.9566 0.1728 -0.4518 11
-0.3659 0.9694 0.1502 -0.3311 10
-0.3282 0.9599 0.1849 -0.1791 12
-0.3042 0.9448 0.2001 -0.2668 13
-0.3218 0.9621 0.1796 -0.2680 18
-0.4788 0.9605 0.1505 -0.1941 9
-0.2976 0.9514 0.2023 -0.3451 25
-0.3986 0.9686 0.1600 -0.3500 12
-0.4610 0.9731 0.1458 -0.2080 10
-0.3859 0.9589 0.1630 -0.2608 13
-0.3939 0.9636 0.1603 -0.3656 16
-0.4140 0.9721 0.1450 -0.3703 12
-0.4800 0.9595 0.1652 -0.3780 10
-0.4043 0.9712 0.1448 -0.3183 12
-0.4381 0.9653 0.1563 -0.2558 10
-0.3182 0.9547 0.1968 -0.3350 31
-0.3199 0.9300 0.2244 -0.2606 21
-0.4098 0.9458 0.2113 -0.4255 10
-0.3121 0.9638 0.1646 -0.3875 12
-0.3636 0.9487 0.2017 -0.3004 17
-0.3269 0.9549 0.1839 -0.3844 24
-0.4401 0.9771 0.1256 -0.1212 9
-0.3554 0.9498 0.1759 -0.3113 14
-0.3972 0.9718 0.1428 -0.3240 13
-0.3952 0.9487 0.2040 -0.3568 17
-0.4414 0.9479 0.1857 -0.3716 9
-0.3920 0.9606 0.1802 -0.4103 19
-0.2988 0.9678 0.1668 -0.3496 27
-0.4123 0.9682 0.1611 -0.3146 9
-0.3534 0.9466 0.1803 -0.2621 18
-0.4476 0.9587 0.1666 -0.3232 9
-0.3601 0.9630 0.1916 -0.3487 21
-0.3992 0.9754 0.1542 -0.1412 12
-0.3882 0.9672 0.1688 -0.3412 22
-0.4087 0.9694 0.1346 -0.3239 9
-0.4189 0.9756 0.1250 -0.3678 12
-0.4959 0.9678 0.1549 -0.2511 8
-0.3912 0.9480 0.1927 -0.3289 13
-0.4728 0.9755 0.1182 -0.3498 8
-0.3037 0.9574 0.1776 -0.3090 22
-0.3273 0.9618 0.1646 -0.2881 15
-0.4399 0.9539 0.1758 -0.2733 11
-0.3530 0.9576 0.1749 -0.4020 14
-0.3978 0.9425 0.2126 -0.3056 11
-0.4049 0.9627 0.1546 -0.1729 11
-0.3674 0.9629 0.1809 -0.2542 15
-0.3079 0.9582 0.1641 -0.2686 16
-0.3708 0.9630 0.1482 -0.2754 13
-0.4400 0.9706 0.1649 -0.3587 11
-0.4147 0.9643 0.1568 -0.2944 12
-0.3966 0.9565 0.1796 -0.3960 16
-0.3188 0.9510 0.2040 -0.2669 12
-0.4921 0.9539 0.2020 -0.4612 11
-0.4676 0.9663 0.1461 -0.1584 12
-0.4729 0.9604 0.1666 -0.2815 9
-0.4531 0.9731 0.1450 -0.2843 10
-0.4169 0.9572 0.1827 -0.4192 11
-0.3576 0.9746 0.1449 -0.3527 11
-0.4622 0.9547 0.1983 -0.1702 10
-0.4486 0.9623 0.1711 -0.3620 12
-0.3734 0.9506 0.1876 -0.4875 10
-0.4543 0.9354 0.2354 -0.2429 11
-0.4053 0.9747 0.1377 -0.1332 9
-0.2910 0.9613 0.1769 -0.3479 24
-0.3990 0.9834 0.1260 -0.3276 10
-0.3901 0.9718 0.1452 -0.2830 11
-0.3206 0.9566 0.1795 -0.1970 16
-0.5228 0.9708 0.1481 -0.2782 9
-0.3504 0.9703 0.1419 -0.2531 20
-0.4377 0.9591 0.1646 -0.3904 12
-0.3930 0.9619 0.1683 -0.3158 14
-0.3131 0.9760 0.1361 -0.2574 14
-0.4042 0.9658 0.1721 -0.1568 14
-0.4195 0.9684 0.1551 -0.3150 13
-0.4702 0.9684 0.1562 -0.3802 8
-0.3443 0.9747 0.1554 -0.2861 10
-0.3315 0.9452 0.2054 -0.3016 17
-0.4595 0.9628 0.1680 -0.4053 11
-0.3906 0.9495 0.2077 -0.2430 13
-0.4289 0.9490 0.1626 -0.3501 11
-0.4382 0.9587 0.1801 -0.1402 17
-0.4606 0.9638 0.1666 -0.3103 10
-0.3424 0.9600 0.1852 -0.4880 23
-0.3328 0.9349 0.2287 -0.3627 11
-0.4246 0.9664 0.1596 -0.4280 14
-0.3548 0.9645 0.1635 -0.3670 17
-0.4436 0.9694 0.1439 -0.3785 8
-0.3645 0.9645 0.1601 -0.1899 11
-0.2713 0.9682 0.1542 -0.3022 25
-0.3771 0.9659 0.1755 -0.4056 16
-0.4592 0.9646 0.1899 -0.5745 11
-0.3710 0.9505 0.2066 -0.2724 14
-0.4144 0.9614 0.1705 -0.2415 11
-0.3531 0.9670 0.1797 -0.3838 18
-0.4178 0.9620 0.1583 -0.2983 9
-0.3477 0.9633 0.1656 -0.3928 18
-0.3673 0.9480 0.2080 -0.2940 25
-0.4669 0.9654 0.1868 -0.2885 15
-0.3034 0.9534 0.2058 -0.2518 28
-0.3155 0.9644 0.1737 -0.4159 13
-0.4432 0.9743 0.1301 -0.3468 10
-0.4009 0.9672 0.1498 -0.1237 13
-0.4101 0.9714 0.1476 -0.2371 13
-0.2674 0.9638 0.1740 -0.2243 31
-0.4371 0.9433 0.2088 -0.3595 12
-0.2854 0.9444 0.2203 -0.2999 33
-0.3213 0.9563 0.2027 -0.2935 47
-0.4101 0.9673 0.1695 -0.3338 10
-0.3858 0.9751 0.1387 -0.2885 12
-0.3872 0.9731 0.1459 -0.1409 13
-0.5474 0.9645 0.1799 -0.3961 7
-0.3407 0.9640 0.1764 -0.3030 12
-0.3005 0.9712 0.1509 -0.1516 22
-0.4143 0.9593 0.1655 -0.3783 10
-0.4267 0.9594 0.1651 -0.2650 12
-0.2824 0.9452 0.2069 -0.4025 21
-0.3571 0.9787 0.1292 -0.2765 10
-0.4205 0.9471 0.2022 -0.2062 15
-0.4737 0.9453 0.2137 -0.3150 12
-0.4069 0.9681 0.1460 -0.1592 11
-0.3937 0.9588 0.1772 -0.1352 13
-0.3678 0.9543 0.1775 -0.4244 15
-0.3523 0.9681 0.1570 -0.3420 13
-0.4161 0.9382 0.2284 -0.3512 12
-0.4022 0.9609 0.1659 -0.2217 14
-0.3998 0.9756 0.1383 -0.1742 14
-0.4003 0.9470 0.1951 -0.5080 15
-0.4942 0.9623 0.1723 -0.3716 10
-0.3902 0.9579 0.1679 -0.2571 14
-0.3667 0.9547 0.1669 -0.2618 15
-0.3322 0.9702 0.1511 -0.3108 15
-0.4632 0.9574 0.1783 -0.3427 8
-0.3037 0.9507 0.1826 -0.2736 44
-0.3452 0.9594 0.1643 -0.3357 18
-0.3717 0.9438 0.2118 -0.2544 19
-0.4102 0.9708 0.1500 -0.2155 14
-0.4634 0.9516 0.1756 -0.1952 10
-0.4138 0.9566 0.1869 -0.2376 16
-0.4259 0.9737 0.1417 -0.4042 12
-0.3445 0.9684 0.1456 -0.4568 9
-0.3601 0.9786 0.1280 -0.3532 15
-0.4885 0.9702 0.1528 -0.1197 9
-0.4227 0.9580 0.1802 -0.2663 12
-0.3743 0.9588 0.1791 -0.3243 20
-0.4740 0.9620 0.1689 -0.5155 11
-0.2339 0.9309 0.2369 -0.3255 49
-0.4031 0.9717 0.1641 -0.1711 11
-0.3475 0.9699 0.1471 -0.4930 18
-0.3429 0.9490 0.2201 -0.3208 14
-0.3880 0.9691 0.1603 -0.2441 10
-0.3778 0.9780 0.1243 -0.3139 15
-0.3947 0.9585 0.1817 -0.1564 10
-0.4402 0.9627 0.1549 -0.3686 8
-0.4796 0.9639 0.1614 -0.2042 8
-0.4785 0.9780 0.1270 -0.1995 9
-0.4197 0.9553 0.1782 -0.3757 15
-0.4173 0.9705 0.1621 -0.1748 10
-0.5012 0.9644 0.1793 -0.2316 7
-0.3795 0.9610 0.1639 -0.3243 12
-0.3520 0.9621 0.1766 -0.3446 12
-0.3090 0.9393 0.2120 -0.5303 19
-0.3754 0.9489 0.1966 -0.3259 16
-0.4093 0.9732 0.1542 -0.2028 8
-0.2635 0.9814 0.1223 -0.1972 13
-0.3172 0.9534 0.1937 -0.3566 22
-0.3859 0.9450 0.2070 -0.2163 13
-0.3136 0.9618 0.1675 -0.2847 16
-0.3900 0.9562 0.1798 -0.2734 13
-0.4417 0.9390 0.2231 -0.3705 14
-0.3484 0.9474 0.2209 -0.3543 35
-0.4750 0.9634 0.1550 -0.3193 9
-0.4450 0.9643 0.1576 -0.2885 11
-0.3219 0.9689 0.1515 -0.2877 11
-0.4632 0.9540 0.1699 -0.2956 11
-0.3420 0.9482 0.2036 -0.4111 19
-0.2568 0.9611 0.1636 -0.4726 35
-0.3737 0.9130 0.2632 -0.2756 21
-0.4732 0.9754 0.1512 -0.3743 12
-0.3892 0.9660 0.1535 -0.1802 18
-0.3681 0.9524 0.1823 -0.2787 18
-0.3629 0.9697 0.1485 -0.2906 15
-0.2852 0.9549 0.1831 -0.2012 20
-0.5116 0.9548 0.1932 -0.2751 8
-0.3806 0.9604 0.1879 -0.4445 11
-0.4655 0.9755 0.1250 -0.1871 10
-0.2902 0.9681 0.1715 -0.4806 20
-0.4364 0.9584 0.1823 -0.3222 13
-0.4634 0.9718 0.1244 -0.3840 10
-0.3647 0.9572 0.1887 -0.3171 15
-0.4475 0.9442 0.2052 -0.3397 11
-0.4657 0.9683 0.1674 -0.3541 17
-0.4422 0.9557 0.1830 -0.3711 10
-0.4865 0.9651 0.1572 -0.2995 10
-0.3613 0.9794 0.1270 -0.2173 15
-0.4927 0.9427 0.2146 -0.3454 9
-0.4831 0.9634 0.1701 -0.2910 11
-0.3038 0.9451 0.2191 -0.2383 20
-0.4337 0.9625 0.1691 -0.3108 12
-0.3466 0.9588 0.1841 -0.3796 13
-0.3713 0.9720 0.1590 -0.2910 9
-0.3652 0.9753 0.1408 -0.2321 18
-0.3056 0.9548 0.2070 -0.2904 26
-0.4017 0.9688 0.1535 -0.3947 10
-0.4334 0.9444 0.2028 -0.3614 10
-0.4203 0.9608 0.1730 -0.3071 10
-0.2801 0.9617 0.1629 -0.3684 16
-0.3558 0.9738 0.1487 -0.4055 10
-0.3536 0.9601 0.1736 -0.2771 12
-0.4829 0.9751 0.1466 -0.2655 7
-0.4091 0.9644 0.1669 -0.4181 9
-0.3720 0.9554 0.1844 -0.3354 18
-0.3628 0.9648 0.1848 -0.2195 15
-0.4377 0.9558 0.1925 -0.4135 12
-0.4159 0.9706 0.1360 -0.4929 10
-0.3958 0.9607 0.1711 -0.3091 13
-0.3705 0.9795 0.1114 -0.3264 11
-0.4726 0.9460 0.2179 -0.3750 9
-0.4015 0.9662 0.1562 -0.2223 18
-0.4198 0.9704 0.1452 -0.2821 14
-0.3800 0.9612 0.1824 -0.3067 16
-0.4301 0.9693 0.1623 -0.4131 10
-0.3033 0.9518 0.1946 -0.3038 19
-0.3337 0.9678 0.1527 -0.2779 26
-0.3659 0.9623 0.1523 -0.2067 14
-0.4489 0.9568 0.1660 -0.5078 10
-0.2894 0.9603 0.1807 -0.4570 19
-0.4762 0.9654 0.1722 -0.1459 8
-0.4253 0.9547 0.1873 -0.2781 9
-0.3339 0.9567 0.1864 -0.3764 17
-0.3418 0.9539 0.1889 -0.3094 16
-0.4392 0.9649 0.1599 -0.2754 9
-0.3772 0.9561 0.1726 -0.3948 10
-0.3414 0.9572 0.1996 -0.2705 39
-0.3877 0.9614 0.1788 -0.3500 15
-0.3340 0.9609 0.1555 -0.3042 19
-0.3211 0.9614 0.1952 -0.2719 13
-0.2758 0.9203 0.2503 -0.3209 21
-0.3857 0.9781 0.1336 -0.2728 12
-0.4767 0.9676 0.1649 -0.3341 9
-0.4102 0.9716 0.1413 -0.3334 14
-0.3683 0.9639 0.1875 -0.2906 13
-0.4349 0.9642 0.1843 -0.4395 12
-0.3971 0.9630 0.1706 -0.4945 14
-0.4224 0.9742 0.1339 -0.3596 13
-0.3632 0.9560 0.2134 -0.3998 17
-0.3296 0.9460 0.1934 -0.3633 19
-0.3782 0.9529 0.1855 -0.2653 18
-0.3636 0.9694 0.1563 -0.2149 14
-0.4265 0.9570 0.1790 -0.3039 8
-0.4838 0.9610 0.1689 -0.4145 12
-0.3229 0.9720 0.1621 -0.2858 15
-0.4420 0.9595 0.1586 -0.3022 9
-0.3712 0.9580 0.1762 -0.2881 12
-0.3717 0.9753 0.1331 -0.3176 11
-0.3227 0.9738 0.1526 -0.2538 37
-0.4198 0.9580 0.1737 -0.4644 10
-0.4039 0.9547 0.1781 -0.2121 17
-0.3746 0.9601 0.1632 -0.2029 12
-0.3125 0.9536 0.2005 -0.1919 16
-0.4538 0.9737 0.1311 -0.3247 10
-0.3344 0.9443 0.2278 -0.3817 13
-0.4141 0.9744 0.1326 -0.3366 10
-0.4238 0.9534 0.1844 -0.4389 12
-0.3813 0.9648 0.1609 -0.1340 17
-0.3831 0.9722 0.1533 -0.1068 11
-0.3929 0.9644 0.1636 -0.2728 9
-0.4065 0.9346 0.2287 -0.2684 13
-0.2576 0.9572 0.1732 -0.4520 20
-0.4107 0.9698 0.1788 -0.4530 11
-0.3842 0.9520 0.2013 -0.4240 14
-0.4153 0.9597 0.1763 -0.3562 12
-0.3790 0.9657 0.1556 -0.4859 12
-0.3408 0.9445 0.1972 -0.4063 14
-0.3575 0.9706 0.1554 -0.4127 13
-0.3769 0.9730 0.1543 -0.3043 12
-0.3077 0.9759 0.1404 -0.3855 12
